0.02 -9.7069e-07
0.04 3.60006e-06
0.06 -6.63816e-06
0.08 -3.35188e-05
0.1 -3.96215e-05
0.12 -2.37327e-05
0.14 1.28946e-05
0.16 7.40793e-05
0.18 0.000145681
0.2 0.00021688
0.22 0.000299983
0.24 0.00039466
0.26 0.000474709
0.28 0.000566742
0.3 0.000714944
0.32 0.000852587
0.34 0.000978313
0.36 0.00112908
0.38 0.00127546
0.4 0.00139237
0.42 0.00148079
0.44 0.00155816
0.46 0.00160416
0.48 0.00158577
0.5 0.00146901
0.52 0.00126863
0.54 0.00104483
0.56 0.000875496
0.58 0.000767386
0.6 0.000732506
0.62 0.000699146
0.64 0.000647426
0.66 0.000547576
0.68 0.000329313
0.7 0.00010458
0.72 -0.000105974
0.74 -0.00025724
0.76 -0.000315086
0.78 -0.000291088
0.8 -0.000233905
0.82 -0.000158871
0.84 -4.73776e-05
0.86 0.000135279
0.88 0.000329282
0.9 0.000516349
0.92 0.000674138
0.94 0.00079164
0.96 0.000985605
0.98 0.0011202
1 0.00121235
1.02 0.00134791
1.04 0.00150009
1.06 0.00156666
1.08 0.00161838
1.1 0.00169152
1.12 0.00169449
1.14 0.00149062
1.16 0.00121149
1.18 0.00101475
1.2 0.00074394
1.22 0.000321349
1.24 -0.000213664
1.26 -0.000588877
1.28 -0.000780715
1.3 -0.000841481
1.32 -0.000823973
1.34 -0.000868257
1.36 -0.000932412
1.38 -0.00101188
1.4 -0.00112775
1.42 -0.00125683
1.44 -0.00133733
1.46 -0.00131863
1.48 -0.00135207
1.5 -0.00141784
1.52 -0.00139805
1.54 -0.00136362
1.56 -0.00134851
1.58 -0.00130615
1.6 -0.00125869
1.62 -0.00119134
1.64 -0.00116415
1.66 -0.00121342
1.68 -0.00129
1.7 -0.00140453
1.72 -0.00144783
1.74 -0.00132193
1.76 -0.00109883
1.78 -0.000874941
1.8 -0.000711246
1.82 -0.000610597
1.84 -0.000508497
1.86 -0.000419684
1.88 -0.000431944
1.9 -0.000532493
1.92 -0.000628262
1.94 -0.00064281
1.96 -0.0004633
1.98 -5.61169e-05
2 0.000502199
2.02 0.00119221
2.04 0.00191373
2.06 0.00254113
2.08 0.00288265
2.1 0.00297729
2.12 0.0031114
2.14 0.00332696
2.16 0.00362696
2.18 0.00394293
2.2 0.00421644
2.22 0.0046031
2.24 0.00519631
2.26 0.00592282
2.28 0.00655325
2.3 0.00709724
2.32 0.00765815
2.34 0.00816081
2.36 0.00859056
2.38 0.00900382
2.4 0.00927214
2.42 0.00918036
2.44 0.00864149
2.46 0.00751901
2.48 0.005984
2.5 0.00416721
2.52 0.00218735
2.54 6.77156e-05
2.56 -0.00208085
2.58 -0.00405171
2.6 -0.0058943
2.62 -0.00755225
2.64 -0.00895352
2.66 -0.010069
2.68 -0.0107352
2.7 -0.0106568
2.72 -0.0100242
2.74 -0.00919725
2.76 -0.00852516
2.78 -0.00804976
2.8 -0.00757891
2.82 -0.00686824
2.84 -0.0058093
2.86 -0.00485824
2.88 -0.00428305
2.9 -0.00376254
2.92 -0.00301716
2.94 -0.00222757
2.96 -0.00123693
2.98 0.000131072
3 0.00180482
3.02 0.00364642
3.04 0.00553515
3.06 0.00755061
3.08 0.00950342
3.1 0.0108158
3.12 0.0110491
3.14 0.0101411
3.16 0.00800797
3.18 0.00475698
3.2 0.00134367
3.22 -0.0013252
3.24 -0.00319216
3.26 -0.00408695
3.28 -0.00414887
3.3 -0.00398155
3.32 -0.00410929
3.34 -0.00494839
3.36 -0.00595607
3.38 -0.00638135
3.4 -0.00584191
3.42 -0.00400156
3.44 -0.00105329
3.46 0.00208596
3.48 0.00435101
3.5 0.00535747
3.52 0.00532093
3.54 0.0046261
3.56 0.00337708
3.58 0.0017146
3.6 -6.48679e-05
3.62 -0.00195563
3.64 -0.00369522
3.66 -0.00463991
3.68 -0.00466309
3.7 -0.00416725
3.72 -0.0033486
3.74 -0.00236427
3.76 -0.00127919
3.78 5.93379e-05
3.8 0.0017116
3.82 0.00339753
3.84 0.00462496
3.86 0.00515343
3.88 0.00479893
3.9 0.00353504
3.92 0.00198284
3.94 0.000753306
3.96 -0.000225356
3.98 -0.00139907
4 -0.00285582
4.02 -0.00421718
4.04 -0.00518114
4.06 -0.00573242
4.08 -0.00580975
4.1 -0.00512057
4.12 -0.00359297
4.14 -0.0016092
4.16 0.00034159
4.18 0.00203765
4.2 0.00330031
4.22 0.00394002
4.24 0.00393361
4.26 0.00353982
4.28 0.00315509
4.3 0.00288104
4.32 0.00272452
4.34 0.00277189
4.36 0.00295052
4.38 0.00301365
4.4 0.00297792
4.42 0.00317797
4.44 0.00376425
4.46 0.00461646
4.48 0.00528542
4.5 0.00505739
4.52 0.00358675
4.54 0.00105561
4.56 -0.00218601
4.58 -0.00572074
4.6 -0.00908214
4.62 -0.0116122
4.64 -0.0127153
4.66 -0.0123751
4.68 -0.011141
4.7 -0.0098151
4.72 -0.00896415
4.74 -0.00857379
4.76 -0.00839683
4.78 -0.00829903
4.8 -0.00806013
4.82 -0.00740172
4.84 -0.00615193
4.86 -0.00438364
4.88 -0.00238251
4.9 -0.000583351
4.92 0.000719655
4.94 0.00163571
4.96 0.00234923
4.98 0.00297424
5 0.00373895
5.02 0.00477268
5.04 0.00592438
5.06 0.00691485
5.08 0.00753439
5.1 0.00781254
5.12 0.0079406
5.14 0.00793535
5.16 0.00751359
5.18 0.00650146
5.2 0.00507359
5.22 0.00352084
5.24 0.00207288
5.26 0.000922533
5.28 0.000257738
5.3 0.000186479
5.32 0.000593567
5.34 0.00111529
5.36 0.00146009
5.38 0.00160381
5.4 0.00154539
5.42 0.00117566
5.44 0.00054257
5.46 -6.52293e-05
5.48 -0.000348988
5.5 -0.000118681
5.52 0.00061808
5.54 0.00164414
5.56 0.00265542
5.58 0.00342312
5.6 0.00382274
5.62 0.00372164
5.64 0.00297906
5.66 0.00163395
5.68 -1.0041e-05
5.7 -0.00158716
5.72 -0.00285094
5.74 -0.00364991
5.76 -0.00390203
5.78 -0.00363318
5.8 -0.0029449
5.82 -0.00203713
5.84 -0.00116428
5.86 -0.000578399
5.88 -0.000495357
5.9 -0.000980597
5.92 -0.00177812
5.94 -0.00247557
5.96 -0.00285402
5.98 -0.0029299
6 -0.00285769
6.02 -0.00266428
6.04 -0.00228461
6.06 -0.00176322
6.08 -0.00126692
6.1 -0.000903605
6.12 -0.000627211
6.14 -0.000310267
6.16 8.00598e-05
6.18 0.000389433
6.2 0.000476809
6.22 0.00032766
6.24 -4.24518e-05
6.26 -0.000610801
6.28 -0.00130169
6.3 -0.0020256
6.32 -0.00268201
6.34 -0.0031873
6.36 -0.00345377
6.38 -0.00337718
6.4 -0.00296368
6.42 -0.00235294
6.44 -0.00168425
6.46 -0.00102318
6.48 -0.000408747
6.5 7.97286e-05
6.52 0.000423358
6.54 0.000755091
6.56 0.00118895
6.58 0.00176706
6.6 0.00247813
6.62 0.00313562
6.64 0.00357556
6.66 0.00369246
6.68 0.00353398
6.7 0.00329406
6.72 0.00304362
6.74 0.00281497
6.76 0.00258293
6.78 0.00234913
6.8 0.00216007
6.82 0.00201651
6.84 0.00192449
6.86 0.00190762
6.88 0.00200783
6.9 0.00225128
6.92 0.00257469
6.94 0.00286217
6.96 0.00296585
6.98 0.00276003
7 0.00223356
7.02 0.00150332
7.04 0.000703404
7.06 -0.00012669
7.08 -0.000973606
7.1 -0.00183951
7.12 -0.00269125
7.14 -0.00344541
7.16 -0.00400368
7.18 -0.00427347
7.2 -0.00420738
7.22 -0.00390959
7.24 -0.00355267
7.26 -0.00321741
7.28 -0.0028798
7.3 -0.00247214
7.32 -0.00187093
7.34 -0.000963484
7.36 0.000257615
7.38 0.00176201
7.4 0.00350223
7.42 0.00535257
7.44 0.00697913
7.46 0.00797529
7.48 0.00816922
7.5 0.00762991
7.52 0.00651288
7.54 0.00501064
7.56 0.00340128
7.58 0.0019457
7.6 0.000765854
7.62 -0.0001504
7.64 -0.000942616
7.66 -0.00175174
7.68 -0.00261497
7.7 -0.00350801
7.72 -0.00433
7.74 -0.00504468
7.76 -0.0057296
7.78 -0.00642162
7.8 -0.00719411
7.82 -0.00798168
7.84 -0.00861374
7.86 -0.00890893
7.88 -0.0086595
7.9 -0.00784672
7.92 -0.00655503
7.94 -0.00491492
7.96 -0.0031201
7.98 -0.00133095
8 0.000295708
8.02 0.0017438
8.04 0.00302501
8.06 0.00411026
8.08 0.00506695
8.1 0.00589786
8.12 0.00658628
8.14 0.00711837
8.16 0.00747285
8.18 0.00762009
8.2 0.007464
8.22 0.0069091
8.24 0.00588725
8.26 0.00452805
8.28 0.00303667
8.3 0.00157434
8.32 0.000351065
8.34 -0.000424492
8.36 -0.000706992
8.38 -0.000683458
8.4 -0.00055787
8.42 -0.000463035
8.44 -0.000458858
8.46 -0.000548532
8.48 -0.000678248
8.5 -0.000805677
8.52 -0.000999364
8.54 -0.00138968
8.56 -0.00200851
8.58 -0.00275299
8.6 -0.00338887
8.62 -0.00367152
8.64 -0.00346913
8.66 -0.0027633
8.68 -0.00171888
8.7 -0.000632212
8.72 0.000231593
8.74 0.000913817
8.76 0.00161696
8.78 0.00233774
8.8 0.00290609
8.82 0.00313719
8.84 0.00301944
8.86 0.00281131
8.88 0.00271582
8.9 0.00270108
8.92 0.002617
8.94 0.00226911
8.96 0.00160544
8.98 0.000748497
9 -7.32474e-05
9.02 -0.000686535
9.04 -0.0011331
9.06 -0.00135538
9.08 -0.00132208
9.1 -0.00132751
9.12 -0.00149703
9.14 -0.00168666
9.16 -0.00173662
9.18 -0.00171424
9.2 -0.00185941
9.22 -0.00213199
9.24 -0.002329
9.26 -0.00248079
9.28 -0.00275719
9.3 -0.00309161
9.32 -0.00313131
9.34 -0.00269302
9.36 -0.00194441
9.38 -0.00103644
9.4 -6.82147e-05
9.42 0.000877286
9.44 0.00170856
9.46 0.00228024
9.48 0.00260444
9.5 0.00274555
9.52 0.0027514
9.54 0.00267458
9.56 0.00237567
9.58 0.00171809
9.6 0.000850255
9.62 3.57658e-06
9.64 -0.000711472
9.66 -0.00129622
9.68 -0.0017544
9.7 -0.00212058
9.72 -0.0025725
9.74 -0.00313633
9.76 -0.00358126
9.78 -0.00372645
9.8 -0.00362487
9.82 -0.00337704
9.84 -0.00296185
9.86 -0.00243867
9.88 -0.00190129
9.9 -0.00130344
9.92 -0.000494217
9.94 0.000533367
9.96 0.00156451
9.98 0.00248635
10 0.00341214
10.02 0.00442186
10.04 0.00536916
10.06 0.0061016
10.08 0.00658035
10.1 0.0068005
10.12 0.0068513
10.14 0.00682464
10.16 0.0067008
10.18 0.00641982
10.2 0.00595308
10.22 0.00539761
10.24 0.00484278
10.26 0.00420571
10.28 0.00343888
10.3 0.00260403
10.32 0.00169545
10.34 0.000695328
10.36 -0.000339702
10.38 -0.00133036
10.4 -0.00221668
10.42 -0.0029894
10.44 -0.00370472
10.46 -0.00441145
10.48 -0.0050561
10.5 -0.00563034
10.52 -0.00614413
10.54 -0.00653722
10.56 -0.00679748
10.58 -0.00692872
10.6 -0.00695973
10.62 -0.00696507
10.64 -0.00695032
10.66 -0.00681396
10.68 -0.00642844
10.7 -0.00574469
10.72 -0.00484535
10.74 -0.00389232
10.76 -0.00296164
10.78 -0.00197278
10.8 -0.00086485
10.82 0.000298361
10.84 0.00137829
10.86 0.0022401
10.88 0.00283306
10.9 0.00317801
10.92 0.00330903
10.94 0.00331525
10.96 0.00331464
10.98 0.00330624
11 0.00317858
11.02 0.00287191
11.04 0.00242082
11.06 0.00185361
11.08 0.00117948
11.1 0.000436729
11.12 -0.000299921
11.14 -0.000967421
11.16 -0.00151158
11.18 -0.00186419
11.2 -0.00200501
11.22 -0.00194626
11.24 -0.00169701
11.26 -0.00126082
11.28 -0.000644536
11.3 6.69564e-05
11.32 0.000726293
11.34 0.00123009
11.36 0.00156483
11.38 0.00174889
11.4 0.00183443
11.42 0.00189665
11.44 0.0019503
11.46 0.0019069
11.48 0.00167607
11.5 0.00127364
11.52 0.000788803
11.54 0.000323768
11.56 -5.82394e-05
11.58 -0.000319495
11.6 -0.000436485
11.62 -0.000416118
11.64 -0.000243674
11.66 0.000116822
11.68 0.000688731
11.7 0.00143486
11.72 0.00222567
11.74 0.00288321
11.76 0.00323231
11.78 0.00318018
11.8 0.00277502
11.82 0.00215833
11.84 0.00148202
11.86 0.000847484
11.88 0.000273982
11.9 -0.000325622
11.92 -0.00107951
11.94 -0.0020219
11.96 -0.00299976
11.98 -0.00376162
12 -0.0041913
12.02 -0.00434797
12.04 -0.00437984
12.06 -0.00438163
12.08 -0.00433709
12.1 -0.00414461
12.12 -0.00365852
12.14 -0.00282356
12.16 -0.00171019
12.18 -0.000451062
12.2 0.000761992
12.22 0.00169919
12.24 0.00219749
12.26 0.00225692
12.28 0.00202249
12.3 0.00161929
12.32 0.00108415
12.34 0.00042148
12.36 -0.000354865
12.38 -0.00120077
12.4 -0.00203614
12.42 -0.00274785
12.44 -0.00325901
12.46 -0.00355624
12.48 -0.00365675
12.5 -0.00359736
12.52 -0.00345522
12.54 -0.00331864
12.56 -0.00321579
12.58 -0.00308913
12.6 -0.00285991
12.62 -0.00248668
12.64 -0.0019639
12.66 -0.00132537
12.68 -0.000637637
12.7 4.69737e-05
12.72 0.000706916
12.74 0.00132754
12.76 0.0019371
12.78 0.00259952
12.8 0.00335696
12.82 0.00418124
12.84 0.00501357
12.86 0.00582824
12.88 0.00660629
12.9 0.00731633
12.92 0.00789194
12.94 0.00824491
12.96 0.00830892
12.98 0.0080905
13 0.00765522
13.02 0.00706405
13.04 0.0063424
13.06 0.005492
13.08 0.0045132
13.1 0.00340916
13.12 0.00220767
13.14 0.000951549
13.16 -0.000335556
13.18 -0.00163721
13.2 -0.00287935
13.22 -0.00394171
13.24 -0.00477565
13.26 -0.00546341
13.28 -0.00609967
13.3 -0.00669085
13.32 -0.00720147
13.34 -0.00759275
13.36 -0.00778905
13.38 -0.00772376
13.4 -0.00741492
13.42 -0.00695501
13.44 -0.0064483
13.46 -0.00595398
13.48 -0.00546329
13.5 -0.00489196
13.52 -0.0041486
13.54 -0.00320974
13.56 -0.00213519
13.58 -0.00103131
13.6 2.68423e-06
13.62 0.000914758
13.64 0.00168762
13.66 0.00230147
13.68 0.00274741
13.7 0.00302525
13.72 0.00313517
13.74 0.00308003
13.76 0.00288088
13.78 0.00258227
13.8 0.00221494
13.82 0.00178676
13.84 0.00129963
13.86 0.0007718
13.88 0.000251665
13.9 -0.000186189
13.92 -0.000457831
13.94 -0.000539466
13.96 -0.000475185
13.98 -0.000306492
14 -6.26084e-05
14.02 0.000236147
14.04 0.000575854
14.06 0.000937538
14.08 0.00130328
14.1 0.00164986
14.12 0.00195308
14.14 0.00219144
14.16 0.00233673
14.18 0.00236621
14.2 0.00227416
14.22 0.00207337
14.24 0.00180437
14.26 0.00150461
14.28 0.0012039
14.3 0.00094527
14.32 0.000762202
14.34 0.000664737
14.36 0.000652926
14.38 0.000724417
14.4 0.000855269
14.42 0.00100864
14.44 0.0011555
14.46 0.00126843
14.48 0.00133004
14.5 0.0013362
14.52 0.00128673
14.54 0.0011836
14.56 0.00104369
14.58 0.000878966
14.6 0.000691613
14.62 0.000494925
14.64 0.000327386
14.66 0.000201618
14.68 7.48549e-05
14.7 -0.000104625
14.72 -0.000370927
14.74 -0.000727734
14.76 -0.00114132
14.78 -0.00156667
14.8 -0.00198756
14.82 -0.00239592
14.84 -0.00274909
14.86 -0.00297136
14.88 -0.00304772
14.9 -0.00303058
14.92 -0.00297475
14.94 -0.00289363
14.96 -0.00279412
14.98 -0.00270792
15 -0.00264762
15.02 -0.00259773
15.04 -0.00254637
15.06 -0.0024808
15.08 -0.00235989
15.1 -0.00214687
15.12 -0.00184932
15.14 -0.00150227
15.16 -0.00111902
15.18 -0.000709116
15.2 -0.00030521
15.22 6.80553e-05
15.24 0.000412163
15.26 0.000745784
15.28 0.00107866
15.3 0.00141615
15.32 0.00176437
15.34 0.00209318
15.36 0.00235444
15.38 0.00252154
15.4 0.00261759
15.42 0.00269723
15.44 0.00282556
15.46 0.00304386
15.48 0.00334637
15.5 0.00371869
15.52 0.00410988
15.54 0.00442478
15.56 0.00456085
15.58 0.004451
15.6 0.00408582
15.62 0.00348656
15.64 0.00269263
15.66 0.0017708
15.68 0.000801899
15.7 -0.000151489
15.72 -0.00104373
15.74 -0.00180862
15.76 -0.0023498
15.78 -0.0026252
15.8 -0.00267603
15.82 -0.00256134
15.84 -0.00233342
15.86 -0.00205617
15.88 -0.00179582
15.9 -0.00157905
15.92 -0.00140688
15.94 -0.00127315
15.96 -0.00114768
15.98 -0.00101221
16 -0.000879229
16.02 -0.000750224
16.04 -0.000607022
16.06 -0.0004384
16.08 -0.000252296
16.1 -8.57215e-05
16.12 8.5573e-06
16.14 -2.94377e-06
16.16 -0.000126685
16.18 -0.0003465
16.2 -0.000630502
16.22 -0.000942077
16.24 -0.0012652
16.26 -0.00159833
16.28 -0.00193342
16.3 -0.00224025
16.32 -0.00249162
16.34 -0.0026784
16.36 -0.00277345
16.38 -0.0027482
16.4 -0.00261258
16.42 -0.00238948
16.44 -0.00205958
16.46 -0.00159799
16.48 -0.00102048
16.5 -0.000376671
16.52 0.000264598
16.54 0.000850962
16.56 0.00135642
16.58 0.00175935
16.6 0.00205223
16.62 0.00223549
16.64 0.00232993
16.66 0.00239245
16.68 0.00247405
16.7 0.00257973
16.72 0.00266626
16.74 0.00269123
16.76 0.00264741
16.78 0.00255163
16.8 0.00242725
16.82 0.00229016
16.84 0.00212724
16.86 0.00192649
16.88 0.00169466
16.9 0.00146193
16.92 0.00126083
16.94 0.00109455
16.96 0.000959678
16.98 0.000855119
17 0.000781046
17.02 0.000729799
17.04 0.0006777
17.06 0.00059734
17.08 0.000462935
17.1 0.000256685
17.12 -2.48319e-05
17.14 -0.000380464
17.16 -0.000785902
17.18 -0.00118516
17.2 -0.00153084
17.22 -0.00177803
17.24 -0.00188205
17.26 -0.00182446
17.28 -0.0016138
17.3 -0.00127722
17.32 -0.000849162
17.34 -0.000371055
17.36 0.000104514
17.38 0.000520057
17.4 0.000836322
17.42 0.00105488
17.44 0.00118822
17.46 0.00123738
17.48 0.00120249
17.5 0.00108275
17.52 0.000878709
17.54 0.000600464
17.56 0.000265834
17.58 -0.000121654
17.6 -0.00055188
17.62 -0.00100579
17.64 -0.00146749
17.66 -0.00190348
17.68 -0.0022612
17.7 -0.00248081
17.72 -0.00252861
17.74 -0.00242399
17.76 -0.00222138
17.78 -0.00196663
17.8 -0.00169031
17.82 -0.00141645
17.84 -0.00115851
17.86 -0.00090935
17.88 -0.0006632
17.9 -0.000429061
17.92 -0.000209224
17.94 1.20637e-05
17.96 0.000252103
17.98 0.00051062
18 0.000764938
18.02 0.000969077
18.04 0.00109395
18.06 0.00113497
18.08 0.00108024
18.1 0.000918082
18.12 0.000676201
18.14 0.000408864
18.16 0.000154623
18.18 -7.54563e-05
18.2 -0.000279299
18.22 -0.000442665
18.24 -0.000536752
18.26 -0.000543369
18.28 -0.000465762
18.3 -0.000325595
18.32 -0.000152562
18.34 1.98819e-05
18.36 0.00016187
18.38 0.000263095
18.4 0.000325988
18.42 0.000367566
18.44 0.000411028
18.46 0.000448056
18.48 0.000448214
18.5 0.000388536
18.52 0.000262102
18.54 7.88486e-05
18.56 -0.000134089
18.58 -0.000334683
18.6 -0.000484587
18.62 -0.000554564
18.64 -0.000529881
18.66 -0.000411627
18.68 -0.000222748
18.7 9.70295e-06
18.72 0.000271231
18.74 0.000539896
18.76 0.000786996
18.78 0.000985414
18.8 0.00112481
18.82 0.00121128
18.84 0.001264
18.86 0.00130154
18.88 0.00132329
18.9 0.00131959
18.92 0.0012885
18.94 0.00122668
18.96 0.00112655
18.98 0.00098832
19 0.000816258
19.02 0.000614752
19.04 0.000387435
19.06 0.000138938
19.08 -0.000120727
19.1 -0.000377635
19.12 -0.000620658
19.14 -0.000838894
19.16 -0.00102183
19.18 -0.00116215
19.2 -0.00125866
19.22 -0.001315
19.24 -0.0013353
19.26 -0.00132666
19.28 -0.00130039
19.3 -0.00126543
19.32 -0.00122449
19.34 -0.00117724
19.36 -0.0011198
19.38 -0.00104654
19.4 -0.000954426
19.42 -0.000845588
19.44 -0.000724685
19.46 -0.000598851
19.48 -0.000475319
19.5 -0.000358971
19.52 -0.000253473
19.54 -0.0001615
19.56 -8.41789e-05
19.58 -2.07324e-05
19.6 3.00634e-05
19.62 6.94449e-05
19.64 9.91989e-05
19.66 0.000119602
19.68 0.00012975
19.7 0.000129739
19.72 0.000121057
19.74 0.000106196
19.76 8.75792e-05
19.78 6.73376e-05
19.8 4.74578e-05
19.82 2.96284e-05
19.84 1.47351e-05
19.86 3.12218e-06
19.88 -5.24313e-06
19.9 -1.07177e-05
19.92 -1.39576e-05
19.94 -1.56953e-05
19.96 -1.64868e-05
19.98 -1.66748e-05
20 -1.66875e-05
