0.02 -3.72632e-14
0.04 -6.9862e-13
0.06 2.94161e-12
0.08 9.96562e-12
0.1 -7.08816e-12
0.12 -4.29882e-11
0.14 -2.07514e-11
0.16 7.64335e-11
0.18 1.14254e-10
0.2 -7.36777e-12
0.22 -7.90932e-11
0.24 3.50823e-10
0.26 1.33295e-09
0.28 1.69409e-09
0.3 -9.76415e-10
0.32 -9.30873e-09
0.34 -2.60914e-08
0.36 -5.80692e-08
0.38 -1.24358e-07
0.4 -2.65635e-07
0.42 -5.4391e-07
0.44 -1.01797e-06
0.46 -1.68218e-06
0.48 -2.36874e-06
0.5 -2.63174e-06
0.52 -1.64782e-06
0.54 1.82554e-06
0.56 9.40348e-06
0.58 2.29335e-05
0.6 4.42883e-05
0.62 7.51445e-05
0.64 0.000116808
0.66 0.000170129
0.68 0.000235516
0.7 0.000313023
0.72 0.000402453
0.74 0.000503437
0.76 0.000615417
0.78 0.000737542
0.8 0.000868473
0.82 0.00100614
0.84 0.00114754
0.86 0.00128865
0.88 0.00142461
0.9 0.0015501
0.92 0.00166012
0.94 0.00175076
0.96 0.00181995
0.98 0.00186789
1 0.00189688
1.02 0.0019106
1.04 0.00191298
1.06 0.00190704
1.08 0.00189402
1.1 0.0018731
1.12 0.00184193
1.14 0.00179772
1.16 0.00173849
1.18 0.0016643
1.2 0.00157771
1.22 0.00148365
1.24 0.00138856
1.26 0.00129912
1.28 0.00122095
1.3 0.00115765
1.32 0.00111039
1.34 0.00107813
1.36 0.00105828
1.38 0.00104773
1.4 0.00104371
1.42 0.00104444
1.44 0.00104926
1.46 0.00105836
1.48 0.00107215
1.5 0.00109043
1.52 0.00111169
1.54 0.00113268
1.56 0.0011484
1.58 0.0011526
1.6 0.00113874
1.62 0.0011013
1.64 0.00103704
1.66 0.000945961
1.68 0.000831654
1.7 0.000700734
1.72 0.000561486
1.74 0.000421971
1.76 0.000288059
1.78 0.000161935
1.8 4.14949e-05
1.82 -7.91896e-05
1.84 -0.00020848
1.86 -0.000355233
1.88 -0.000526837
1.9 -0.000727705
1.92 -0.000958528
1.94 -0.00121639
1.96 -0.00149558
1.98 -0.00178885
2 -0.00208876
2.02 -0.00238874
2.04 -0.00268366
2.06 -0.00296988
2.08 -0.00324463
2.1 -0.00350523
2.12 -0.00374825
2.14 -0.00396901
2.16 -0.00416165
2.18 -0.00431986
2.2 -0.00443803
2.22 -0.0045126
2.24 -0.00454306
2.26 -0.00453224
2.28 -0.00448569
2.3 -0.00440997
2.32 -0.00431044
2.34 -0.00418891
2.36 -0.00404204
2.38 -0.00386103
2.4 -0.00363303
2.42 -0.00334399
2.44 -0.00298235
2.46 -0.00254253
2.48 -0.00202716
2.5 -0.00144729
2.52 -0.000820445
2.54 -0.000166832
2.56 0.000495177
2.58 0.00115318
2.6 0.00180336
2.62 0.00245094
2.64 0.00310841
2.66 0.00379201
2.68 0.00451757
2.7 0.00529647
2.72 0.00613277
2.74 0.00702157
2.76 0.0079488
2.78 0.00889183
2.8 0.00982056
2.82 0.0106988
2.84 0.0114856
2.86 0.0121378
2.88 0.0126125
2.9 0.0128708
2.92 0.012882
2.94 0.012628
2.96 0.0121059
2.98 0.0113293
3 0.0103281
3.02 0.00914498
3.04 0.00783185
3.06 0.00644446
3.08 0.00503718
3.1 0.00365798
3.12 0.0023443
3.14 0.00112
3.16 -5.78161e-06
3.18 -0.00103793
3.2 -0.00199254
3.22 -0.00289245
3.24 -0.00376153
3.26 -0.00461893
3.28 -0.00547384
3.3 -0.00632187
3.32 -0.00714328
3.34 -0.00790343
3.36 -0.0085553
3.38 -0.00904392
3.4 -0.00931235
3.42 -0.00930896
3.44 -0.00899555
3.46 -0.00835566
3.48 -0.00740189
3.5 -0.00618067
3.52 -0.00477266
3.54 -0.00328712
3.56 -0.00184962
3.58 -0.000584292
3.6 0.000406516
3.62 0.0010606
3.64 0.00136745
3.66 0.00136918
3.68 0.00115013
3.7 0.00081729
3.72 0.000476939
3.74 0.000213988
3.76 7.93063e-05
3.78 8.7495e-05
3.8 0.000223784
3.82 0.000455736
3.84 0.000744363
3.86 0.00105041
3.88 0.00133437
3.9 0.00155193
3.92 0.00164894
3.94 0.00156021
3.96 0.00121523
3.98 0.000550763
4 -0.000472368
4.02 -0.00185322
4.04 -0.00354045
4.06 -0.00543174
4.08 -0.00738381
4.1 -0.0092314
4.12 -0.0108109
4.14 -0.0119839
4.16 -0.0126551
4.18 -0.0127839
4.2 -0.0123857
4.22 -0.0115267
4.24 -0.0103123
4.26 -0.00887226
4.28 -0.00734487
4.3 -0.00586087
4.32 -0.00453001
4.34 -0.00343047
4.36 -0.00260262
4.38 -0.00204735
4.4 -0.00172914
4.42 -0.00158298
4.44 -0.00152397
4.46 -0.00145816
4.48 -0.00129345
4.5 -0.000949809
4.52 -0.000368325
4.54 0.000481272
4.56 0.0015951
4.58 0.00293267
4.6 0.00441854
4.62 0.00594923
4.64 0.00740525
4.66 0.00866713
4.68 0.00963301
4.7 0.0102342
4.72 0.0104459
4.74 0.0102901
4.76 0.00983142
4.78 0.00916505
4.8 0.00840123
4.82 0.00764752
4.84 0.00699228
4.86 0.00649142
4.88 0.00615991
4.9 0.00596916
4.92 0.00585102
4.94 0.00570869
4.96 0.00543373
4.98 0.00492697
5 0.00411979
5.02 0.0029909
5.04 0.0015743
5.06 -4.4528e-05
5.08 -0.00174405
5.1 -0.00339053
5.12 -0.00486428
5.14 -0.0060814
5.16 -0.00700544
5.18 -0.00764633
5.2 -0.00804776
5.22 -0.0082677
5.24 -0.00835857
5.26 -0.0083529
5.28 -0.00825817
5.3 -0.00806106
5.32 -0.00773825
5.34 -0.00726898
5.36 -0.00664499
5.38 -0.00587474
5.4 -0.00498151
5.42 -0.00399708
5.44 -0.00295415
5.46 -0.00188032
5.48 -0.000795782
5.5 0.000285211
5.52 0.00135017
5.54 0.00238373
5.56 0.00336466
5.58 0.00426599
5.6 0.00505864
5.62 0.00571734
5.64 0.00622732
5.66 0.00658919
5.68 0.00682029
5.7 0.00695153
5.72 0.00702008
5.74 0.00705941
5.76 0.0070895
5.78 0.00710995
5.8 0.00709829
5.82 0.00701461
5.84 0.00681164
5.86 0.00644805
5.88 0.00590123
5.9 0.00517621
5.92 0.00430768
5.94 0.00335435
5.96 0.00238676
5.98 0.00147161
6 0.000656686
6.02 -3.9314e-05
6.04 -0.000629428
6.06 -0.0011525
6.08 -0.00166027
6.1 -0.00220068
6.12 -0.00280203
6.14 -0.0034619
6.16 -0.00414401
6.18 -0.00478398
6.2 -0.00530255
6.22 -0.00562324
6.24 -0.00569005
6.26 -0.00548074
6.28 -0.00501263
6.3 -0.00433951
6.32 -0.0035406
6.34 -0.00270444
6.36 -0.0019119
6.38 -0.0012221
6.4 -0.000664617
6.42 -0.000238993
6.44 7.90409e-05
6.46 0.000327012
6.48 0.000543907
6.5 0.000760085
6.52 0.000990896
6.54 0.00123473
6.56 0.0014749
6.58 0.00168405
6.6 0.00182947
6.62 0.00187816
6.64 0.0018009
6.66 0.00157545
6.68 0.0011889
6.7 0.000639766
6.72 -6.04764e-05
6.74 -0.000886572
6.76 -0.0018001
6.78 -0.002752
6.8 -0.00368729
6.82 -0.00455139
6.84 -0.00529723
6.86 -0.00589154
6.88 -0.0063188
6.9 -0.00658198
6.92 -0.00669956
6.94 -0.00669978
6.96 -0.00661344
6.98 -0.00646717
7 -0.00627883
7.02 -0.00605584
7.04 -0.00579651
7.06 -0.00549345
7.08 -0.00513761
7.1 -0.00472171
7.12 -0.00424208
7.14 -0.00369874
7.16 -0.00309413
7.18 -0.00243127
7.2 -0.0017122
7.22 -0.000937321
7.24 -0.000105699
7.26 0.000783575
7.28 0.00172941
7.3 0.00272644
7.32 0.00376288
7.34 0.00481888
7.36 0.00586583
7.38 0.00686684
7.4 0.00777888
7.42 0.00855627
7.44 0.0091553
7.46 0.0095394
7.48 0.00968381
7.5 0.00957914
7.52 0.00923306
7.54 0.00866981
7.56 0.00792756
7.58 0.00705402
7.6 0.00610097
7.62 0.00511858
7.64 0.00415055
7.66 0.00323083
7.68 0.00238261
7.7 0.00161973
7.72 0.000949886
7.74 0.00037879
7.76 -8.62364e-05
7.78 -0.000434528
7.8 -0.0006531
7.82 -0.00073043
7.84 -0.000661991
7.86 -0.000455712
7.88 -0.000135275
7.9 0.000260455
7.92 0.000682449
7.94 0.00108017
7.96 0.00141176
7.98 0.00165288
8 0.00180162
8.02 0.00187789
8.04 0.00191721
8.06 0.00196059
8.08 0.00204307
8.1 0.00218394
8.12 0.00238082
8.14 0.00260893
8.16 0.00282534
8.18 0.00297694
8.2 0.00301028
8.22 0.0028814
8.24 0.00256381
8.26 0.00205349
8.28 0.0013702
8.3 0.000554935
8.32 -0.000335923
8.34 -0.00123896
8.36 -0.00209307
8.38 -0.00284813
8.4 -0.00347148
8.42 -0.00395093
8.44 -0.0042939
8.46 -0.00452299
8.48 -0.00466921
8.5 -0.00476461
8.52 -0.00483589
8.54 -0.00490056
8.56 -0.00496592
8.58 -0.00503097
8.6 -0.00508992
8.62 -0.00513601
8.64 -0.00516412
8.66 -0.00517134
8.68 -0.00515531
8.7 -0.00511115
8.72 -0.00502833
8.74 -0.00488913
8.76 -0.00466976
8.78 -0.00434445
8.8 -0.00389174
8.82 -0.00330143
8.84 -0.00258014
8.86 -0.00175406
8.88 -0.000867822
8.9 2.02576e-05
8.92 0.000845721
8.94 0.00154685
8.96 0.00207333
8.98 0.00239334
9 0.00249797
9.02 0.00240235
9.04 0.00214335
9.06 0.00177399
9.08 0.00135549
9.1 0.000948286
9.12 0.00060322
9.14 0.000354757
9.16 0.000217174
9.18 0.000184432
9.2 0.00023358
9.22 0.00033082
9.24 0.000438863
9.26 0.000523966
9.28 0.00056126
9.3 0.000537514
9.32 0.000451238
9.34 0.000310715
9.36 0.000130996
9.38 -6.90827e-05
9.4 -0.000269145
9.42 -0.000448605
9.44 -0.000587422
9.46 -0.000666882
9.48 -0.00067093
9.5 -0.000588196
9.52 -0.000414392
9.54 -0.000154401
9.56 0.000176722
9.58 0.000554391
9.6 0.000946938
9.62 0.00131959
9.64 0.00163931
9.66 0.00187973
9.68 0.00202531
9.7 0.0020741
9.72 0.00203842
9.74 0.00194348
9.76 0.00182376
9.78 0.0017176
9.8 0.00166094
9.82 0.00168114
9.84 0.00179213
9.86 0.00199183
9.88 0.00226229
9.9 0.00257255
9.92 0.00288343
9.94 0.00315326
9.96 0.00334365
9.98 0.00342418
10 0.00337556
10.02 0.00319106
10.04 0.00287615
10.06 0.00244663
10.08 0.00192583
10.1 0.0013413
10.12 0.000721538
10.14 9.34506e-05
10.16 -0.000519338
10.18 -0.00109718
10.2 -0.00162429
10.22 -0.0020882
10.24 -0.00247908
10.26 -0.00278926
10.28 -0.003013
10.3 -0.00314651
10.32 -0.00318797
10.34 -0.0031375
10.36 -0.00299693
10.38 -0.00276957
10.4 -0.00245992
10.42 -0.00207365
10.44 -0.00161772
10.46 -0.00110053
10.48 -0.000532098
10.5 7.61953e-05
10.52 0.000712118
10.54 0.00136343
10.56 0.00201878
10.58 0.00266836
10.6 0.00330407
10.62 0.00391904
10.64 0.00450657
10.66 0.00505873
10.68 0.00556508
10.7 0.00601186
10.72 0.00638211
10.74 0.00665662
10.76 0.00681584
10.78 0.00684216
10.8 0.00672213
10.82 0.00644811
10.84 0.00601903
10.86 0.00544019
10.88 0.00472223
10.9 0.00387971
10.92 0.0029295
10.94 0.00188944
10.96 0.000777334
10.98 -0.000389477
11 -0.00159417
11.02 -0.00281998
11.04 -0.00404954
11.06 -0.00526402
11.08 -0.00644254
11.1 -0.00756186
11.12 -0.00859679
11.14 -0.00952108
11.16 -0.010309
11.18 -0.0109375
11.2 -0.011388
11.22 -0.0116485
11.24 -0.0117147
11.26 -0.011591
11.28 -0.0112892
11.3 -0.0108275
11.32 -0.0102281
11.34 -0.00951433
11.36 -0.00870842
11.38 -0.00783003
11.4 -0.00689571
11.42 -0.00591968
11.44 -0.00491531
11.46 -0.00389672
11.48 -0.00287997
11.5 -0.00188327
11.52 -0.000925952
11.54 -2.66892e-05
11.56 0.000798804
11.58 0.00153973
11.6 0.00219132
11.62 0.00275475
11.64 0.00323578
11.66 0.00364236
11.68 0.00398181
11.7 0.00425813
11.72 0.00447019
11.74 0.00461122
11.76 0.00466978
11.78 0.00463207
11.8 0.00448509
11.82 0.0042198
11.84 0.00383377
11.86 0.00333266
11.88 0.00273044
11.9 0.00204853
11.92 0.00131423
11.94 0.000558828
11.96 -0.000184033
11.98 -0.000879843
12 -0.00149441
12.02 -0.00199506
12.04 -0.00235202
12.06 -0.00254033
12.08 -0.00254208
12.1 -0.00234904
12.12 -0.00196497
12.14 -0.00140714
12.16 -0.000706235
12.18 9.57954e-05
12.2 0.000949904
12.22 0.00180569
12.24 0.00261755
12.26 0.00335002
12.28 0.0039811
12.3 0.00450299
12.32 0.00492025
12.34 0.00524625
12.36 0.00549873
12.38 0.00569571
12.4 0.00585239
12.42 0.00597936
12.44 0.00608217
12.46 0.00616192
12.48 0.00621654
12.5 0.00624235
12.52 0.00623541
12.54 0.00619237
12.56 0.00611036
12.58 0.00598607
12.6 0.00581401
12.62 0.00558485
12.64 0.0052844
12.66 0.00489413
12.68 0.00439341
12.7 0.00376334
12.72 0.00299145
12.74 0.00207594
12.76 0.0010287
12.78 -0.000124063
12.8 -0.00134352
12.82 -0.00258207
12.84 -0.00378866
12.86 -0.00491451
12.88 -0.00591836
12.9 -0.00677049
12.92 -0.00745493
12.94 -0.00796956
12.96 -0.00832435
12.98 -0.00853786
13 -0.0086328
13.02 -0.00863148
13.04 -0.00855185
13.06 -0.00840501
13.08 -0.00819437
13.1 -0.00791647
13.12 -0.00756298
13.14 -0.00712327
13.16 -0.00658688
13.18 -0.00594549
13.2 -0.00519417
13.22 -0.00433214
13.24 -0.00336313
13.26 -0.00229594
13.28 -0.00114491
13.3 6.94508e-05
13.32 0.00132021
13.34 0.00257444
13.36 0.0037946
13.38 0.00494097
13.4 0.00597485
13.42 0.00686198
13.44 0.00757557
13.46 0.00809828
13.48 0.00842276
13.5 0.00855087
13.52 0.00849165
13.54 0.00825893
13.56 0.00786893
13.58 0.00733844
13.6 0.00668371
13.62 0.00592
13.64 0.00506141
13.66 0.00412093
13.68 0.00311035
13.7 0.00204038
13.72 0.000920849
13.74 -0.00023864
13.76 -0.00142776
13.78 -0.00263433
13.8 -0.00384339
13.82 -0.00503667
13.84 -0.00619265
13.86 -0.00728706
13.88 -0.00829378
13.9 -0.0091857
13.92 -0.00993568
13.94 -0.0105176
13.96 -0.0109076
13.98 -0.011086
14 -0.0110388
14.02 -0.0107604
14.04 -0.010255
14.06 -0.00953733
14.08 -0.00863229
14.1 -0.0075732
14.12 -0.00639877
14.14 -0.00514962
14.16 -0.00386485
14.18 -0.00257927
14.2 -0.00132167
14.22 -0.000114197
14.24 0.00102729
14.26 0.00209231
14.28 0.00307466
14.3 0.00397126
14.32 0.0047812
14.34 0.00550478
14.36 0.0061426
14.38 0.00669455
14.4 0.0071589
14.42 0.00753148
14.44 0.00780545
14.46 0.00797161
14.48 0.00801938
14.5 0.00793837
14.52 0.0077202
14.54 0.00736026
14.56 0.00685914
14.58 0.00622353
14.6 0.00546652
14.62 0.00460741
14.64 0.00367106
14.66 0.00268707
14.68 0.00168857
14.7 0.000710889
14.72 -0.000210067
14.74 -0.00103975
14.76 -0.00174709
14.78 -0.00230659
14.8 -0.00270033
14.82 -0.0029193
14.84 -0.00296404
14.86 -0.00284422
14.88 -0.00257735
14.9 -0.00218654
14.92 -0.00169789
14.94 -0.00113764
14.96 -0.000529713
14.98 0.000106118
15 0.000755158
15.02 0.00140769
15.04 0.00205793
15.06 0.00270229
15.08 0.00333715
15.1 0.00395684
15.12 0.00455202
15.14 0.00510889
15.16 0.00560956
15.18 0.00603339
15.2 0.00635914
15.22 0.0065675
15.24 0.00664342
15.26 0.00657777
15.28 0.00636799
15.3 0.00601764
15.32 0.00553503
15.34 0.0049314
15.36 0.00421903
15.38 0.0034099
15.4 0.00251515
15.42 0.00154543
15.44 0.00051193
15.46 -0.000572267
15.48 -0.00169099
15.5 -0.00282437
15.52 -0.00394909
15.54 -0.00503953
15.56 -0.00606954
15.58 -0.00701454
15.6 -0.0078534
15.62 -0.0085697
15.64 -0.00915219
15.66 -0.00959444
15.68 -0.00989383
15.7 -0.0100504
15.72 -0.0100655
15.74 -0.00994141
15.76 -0.0096806
15.78 -0.00928583
15.8 -0.00876024
15.82 -0.00810735
15.84 -0.00733113
15.86 -0.0064362
15.88 -0.00542839
15.9 -0.00431586
15.92 -0.0031108
15.94 -0.00183145
15.96 -0.00050376
15.98 0.000837795
16 0.00215096
16.02 0.00338821
16.04 0.00450087
16.06 0.00544432
16.08 0.00618319
16.1 0.00669571
16.12 0.00697631
16.14 0.00703585
16.16 0.00689947
16.18 0.00660242
16.2 0.00618463
16.22 0.00568492
16.24 0.00513588
16.26 0.00456025
16.28 0.00396942
16.3 0.00336409
16.32 0.002737
16.34 0.00207697
16.36 0.00137347
16.38 0.000620884
16.4 -0.000178451
16.42 -0.00101281
16.44 -0.00186155
16.46 -0.00269717
16.48 -0.00348865
16.5 -0.00420519
16.52 -0.00481984
16.54 -0.00531229
16.56 -0.00567036
16.58 -0.00589023
16.6 -0.00597538
16.62 -0.00593471
16.64 -0.00578028
16.66 -0.00552518
16.68 -0.00518184
16.7 -0.00476099
16.72 -0.00427136
16.74 -0.00371989
16.76 -0.0031123
16.78 -0.00245381
16.8 -0.0017498
16.82 -0.00100636
16.84 -0.000230696
16.86 0.000568506
16.88 0.00138083
16.9 0.00219383
16.92 0.0029929
16.94 0.00376124
16.96 0.00448024
16.98 0.00513038
17 0.00569248
17.02 0.00614946
17.04 0.00648813
17.06 0.00670066
17.08 0.0067855
17.1 0.00674731
17.12 0.00659607
17.14 0.00634542
17.16 0.00601077
17.18 0.0056074
17.2 0.00514925
17.22 0.00464833
17.24 0.00411492
17.26 0.00355838
17.28 0.00298805
17.3 0.00241412
17.32 0.00184813
17.34 0.00130278
17.36 0.000791322
17.38 0.000326478
17.4 -8.0843e-05
17.42 -0.000422781
17.44 -0.000695482
17.46 -0.000899606
17.48 -0.00104026
17.5 -0.00112628
17.52 -0.00116899
17.54 -0.00118045
17.56 -0.00117149
17.58 -0.0011498
17.6 -0.00111844
17.62 -0.00107504
17.64 -0.00101197
17.66 -0.000917551
17.68 -0.000778201
17.7 -0.000581226
17.72 -0.000317775
17.74 1.4579e-05
17.76 0.000410133
17.78 0.000854605
17.8 0.00132606
17.82 0.00179707
17.84 0.00223773
17.86 0.00261898
17.88 0.00291567
17.9 0.00310879
17.92 0.00318677
17.94 0.00314551
17.96 0.00298751
17.98 0.0027204
18 0.0023552
18.02 0.00190481
18.04 0.00138292
18.06 0.000803513
18.08 0.000180699
18.1 -0.000471152
18.12 -0.00113745
18.14 -0.00180369
18.16 -0.00245612
18.18 -0.00308271
18.2 -0.00367398
18.22 -0.00422364
18.24 -0.00472854
18.26 -0.00518796
18.28 -0.00560239
18.3 -0.00597191
18.32 -0.00629483
18.34 -0.00656673
18.36 -0.0067803
18.38 -0.00692615
18.4 -0.00699422
18.42 -0.00697576
18.44 -0.00686516
18.46 -0.0066614
18.48 -0.00636875
18.5 -0.0059964
18.52 -0.00555737
18.54 -0.00506679
18.56 -0.00453993
18.58 -0.00399051
18.6 -0.0034295
18.62 -0.00286465
18.64 -0.0023007
18.66 -0.00174023
18.68 -0.00118482
18.7 -0.000636381
18.72 -9.82051e-05
18.74 0.000424307
18.76 0.000923465
18.78 0.00138965
18.8 0.00181211
18.82 0.00218005
18.84 0.0024837
18.86 0.00271526
18.88 0.00286942
18.9 0.00294364
18.92 0.0029381
18.94 0.00285557
18.96 0.00270142
18.98 0.00248358
19 0.00221276
19.02 0.00190248
19.04 0.00156877
19.06 0.00122954
19.08 0.000903357
19.1 0.00060791
19.12 0.00035835
19.14 0.000165872
19.16 3.68547e-05
19.18 -2.72556e-05
19.2 -2.92655e-05
19.22 2.50585e-05
19.24 0.000128596
19.26 0.000274413
19.28 0.000456904
19.3 0.000672309
19.32 0.00091857
19.34 0.00119465
19.36 0.00149952
19.38 0.00183119
19.4 0.00218594
19.42 0.00255797
19.44 0.00293953
19.46 0.0033214
19.48 0.00369364
19.5 0.00404639
19.52 0.00437056
19.54 0.00465828
19.56 0.00490316
19.58 0.00510024
19.6 0.00524581
19.62 0.00533706
19.64 0.00537178
19.66 0.00534812
19.68 0.00526451
19.7 0.00511967
19.72 0.00491288
19.74 0.00464431
19.76 0.00431543
19.78 0.00392934
19.8 0.00349096
19.82 0.00300705
19.84 0.00248593
19.86 0.00193706
19.88 0.00137043
19.9 0.000795955
19.92 0.000222961
19.94 -0.000340195
19.96 -0.00088628
19.98 -0.00140913
20 -0.00190349
