0.02 5.21734e-09
0.04 1.17546e-07
0.06 1.78921e-08
0.08 -1.68412e-06
0.1 -5.95722e-06
0.12 -1.14346e-05
0.14 -1.47229e-05
0.16 -1.15025e-05
0.18 2.14278e-06
0.2 2.82156e-05
0.22 6.68736e-05
0.24 0.000117474
0.26 0.000178346
0.28 0.000247434
0.3 0.000325176
0.32 0.000413802
0.34 0.000513803
0.36 0.000624446
0.38 0.000744905
0.4 0.00087248
0.42 0.00100204
0.44 0.00112788
0.46 0.00124483
0.48 0.00134662
0.5 0.00142383
0.52 0.00146443
0.54 0.00145875
0.56 0.00140603
0.58 0.00131658
0.6 0.00120828
0.62 0.00109903
0.64 0.000999722
0.66 0.000911145
0.68 0.000823551
0.7 0.000722359
0.72 0.000598138
0.74 0.000451639
0.76 0.000294274
0.78 0.000144599
0.8 2.06157e-05
0.82 -6.64579e-05
0.84 -0.00011243
0.86 -0.00011619
0.88 -7.81702e-05
0.9 -1.88314e-06
0.92 0.000105322
0.94 0.000233598
0.96 0.000375566
0.98 0.000526939
1 0.00068169
1.02 0.000834712
1.04 0.000985099
1.06 0.00113077
1.08 0.0012662
1.1 0.00138739
1.12 0.00149099
1.14 0.00156571
1.16 0.00159382
1.18 0.00156556
1.2 0.00148186
1.22 0.00134214
1.24 0.00114036
1.26 0.000878137
1.28 0.000576517
1.3 0.000270407
1.32 -5.54113e-06
1.34 -0.000230034
1.36 -0.000400046
1.38 -0.00052466
1.4 -0.000618218
1.42 -0.000695253
1.44 -0.000763889
1.46 -0.000822004
1.48 -0.000863989
1.5 -0.000889719
1.52 -0.000901546
1.54 -0.000900563
1.56 -0.000890013
1.58 -0.000875165
1.6 -0.000860389
1.62 -0.000848628
1.64 -0.000843312
1.66 -0.000851467
1.68 -0.000882741
1.7 -0.000945399
1.72 -0.00104088
1.74 -0.00115696
1.76 -0.00126994
1.78 -0.0013576
1.8 -0.00141004
1.82 -0.00143108
1.84 -0.00143094
1.86 -0.00141869
1.88 -0.00140272
1.9 -0.00139271
1.92 -0.00139492
1.94 -0.00140496
1.96 -0.00140324
1.98 -0.00135575
2 -0.00122386
2.02 -0.000976503
2.04 -0.000598713
2.06 -9.88805e-05
2.08 0.000485592
2.1 0.00109504
2.12 0.00167379
2.14 0.00219377
2.16 0.00265526
2.18 0.00307325
2.2 0.00346225
2.22 0.00383303
2.24 0.00420083
2.26 0.00458552
2.28 0.00499789
2.3 0.00543119
2.32 0.00587015
2.34 0.00630026
2.36 0.00670886
2.38 0.0070876
2.4 0.00742993
2.42 0.00771749
2.44 0.00790918
2.46 0.00794144
2.48 0.00774277
2.5 0.00725791
2.52 0.00646405
2.54 0.00537108
2.56 0.00401509
2.58 0.00245453
2.6 0.000761976
2.62 -0.000989816
2.64 -0.00273408
2.66 -0.00441058
2.68 -0.00596018
2.7 -0.00731053
2.72 -0.00837783
2.74 -0.00909882
2.76 -0.00946506
2.78 -0.0095281
2.8 -0.00936981
2.82 -0.00905825
2.84 -0.00862098
2.86 -0.00806166
2.88 -0.00739943
2.9 -0.00667304
2.92 -0.00591146
2.94 -0.0051227
2.96 -0.00429851
2.98 -0.00340968
3 -0.00240923
3.02 -0.00125268
3.04 8.37105e-05
3.06 0.00160116
3.08 0.00328012
3.1 0.00506065
3.12 0.00681706
3.14 0.00836415
3.16 0.00948876
3.18 0.0099887
3.2 0.00973759
3.22 0.00875701
3.24 0.00722226
3.26 0.00540263
3.28 0.00358719
3.3 0.00200461
3.32 0.000756731
3.34 -0.000197112
3.36 -0.000981949
3.38 -0.00169849
3.4 -0.00234324
3.42 -0.00279487
3.44 -0.00285919
3.46 -0.00237113
3.48 -0.00130908
3.5 0.000160988
3.52 0.00174468
3.54 0.00312971
3.56 0.00407176
3.58 0.00442895
3.6 0.00416357
3.62 0.00331906
3.64 0.00198913
3.66 0.000314286
3.68 -0.00151779
3.7 -0.00331041
3.72 -0.00490613
3.74 -0.00620655
3.76 -0.0071663
3.78 -0.00776806
3.8 -0.00799452
3.82 -0.00782814
3.84 -0.00728204
3.86 -0.0064281
3.88 -0.00539979
3.9 -0.00437139
3.92 -0.00350441
3.94 -0.00287964
3.96 -0.00248049
3.98 -0.00224548
4 -0.00212616
4.02 -0.00209467
4.04 -0.00211726
4.06 -0.00213992
4.08 -0.00209161
4.1 -0.00188315
4.12 -0.00140853
4.14 -0.000575216
4.16 0.000646741
4.18 0.00219831
4.2 0.00394065
4.22 0.005681
4.24 0.00720631
4.26 0.00832875
4.28 0.00893271
4.3 0.00899488
4.32 0.00856813
4.34 0.00775309
4.36 0.00667007
4.38 0.00542763
4.4 0.00410672
4.42 0.0027789
4.44 0.00153398
4.46 0.000479956
4.48 -0.000292697
4.5 -0.000767029
4.52 -0.00103464
4.54 -0.00127219
4.56 -0.00167576
4.58 -0.00239595
4.6 -0.00349491
4.62 -0.0049226
4.64 -0.00651295
4.66 -0.00802032
4.68 -0.00920313
4.7 -0.00991923
4.72 -0.0101787
4.74 -0.0101194
4.76 -0.00992484
4.78 -0.00974394
4.8 -0.00964469
4.82 -0.00959818
4.84 -0.00949111
4.86 -0.00916677
4.88 -0.00848314
4.9 -0.00736854
4.92 -0.00585031
4.94 -0.00403707
4.96 -0.00206857
4.98 -7.04736e-05
5 0.00187256
5.02 0.0037251
5.04 0.00548224
5.06 0.00713212
5.08 0.00862734
5.1 0.00988772
5.12 0.0108323
5.14 0.0114105
5.16 0.011604
5.18 0.0114086
5.2 0.0108303
5.22 0.00990113
5.24 0.00869132
5.26 0.00730778
5.28 0.0058826
5.3 0.0045561
5.32 0.0034513
5.34 0.00263943
5.36 0.00211509
5.38 0.00180411
5.4 0.00159722
5.42 0.00138136
5.44 0.00106256
5.46 0.000591388
5.48 -1.50795e-05
5.5 -0.000671519
5.52 -0.00124858
5.54 -0.00161662
5.56 -0.00169227
5.58 -0.00146685
5.6 -0.00100644
5.62 -0.000433191
5.64 9.77715e-05
5.66 0.000425341
5.68 0.000419189
5.7 1.68815e-05
5.72 -0.000758991
5.74 -0.00181008
5.76 -0.00298815
5.78 -0.00412718
5.8 -0.00507484
5.82 -0.0057183
5.84 -0.00600196
5.86 -0.00593469
5.88 -0.00558554
5.9 -0.00506623
5.92 -0.00449574
5.94 -0.003955
5.96 -0.00345976
5.98 -0.00297088
6 -0.00243029
6.02 -0.00179327
6.04 -0.00103871
6.06 -0.00016667
6.08 0.000801064
6.1 0.00182004
6.12 0.00283205
6.14 0.00378274
6.16 0.00463325
6.18 0.00535395
6.2 0.00590834
6.22 0.0062462
6.24 0.00631073
6.26 0.00605135
6.28 0.00543741
6.3 0.00447015
6.32 0.00318887
6.34 0.0016694
6.36 1.66241e-05
6.38 -0.00164561
6.4 -0.00318859
6.42 -0.00450016
6.44 -0.00550567
6.46 -0.00617622
6.48 -0.00652325
6.5 -0.00658787
6.52 -0.00642834
6.54 -0.00610181
6.56 -0.00564554
6.58 -0.00506965
6.6 -0.00436406
6.62 -0.00351749
6.64 -0.00254024
6.66 -0.00147603
6.68 -0.000395231
6.7 0.000627492
6.72 0.00153464
6.74 0.00229235
6.76 0.00288524
6.78 0.00330866
6.8 0.00356526
6.82 0.00366548
6.84 0.00362811
6.86 0.00348181
6.88 0.00326698
6.9 0.00303503
6.92 0.00284072
6.94 0.00272792
6.96 0.00271437
6.98 0.00278275
7 0.00288416
7.02 0.00295614
7.04 0.00294532
7.06 0.0028206
7.08 0.00257274
7.1 0.00220706
7.12 0.00173651
7.14 0.00118002
7.16 0.000565329
7.18 -6.78574e-05
7.2 -0.000669045
7.22 -0.00118758
7.24 -0.00159091
7.26 -0.0018767
7.28 -0.00206889
7.3 -0.00220204
7.32 -0.00230247
7.34 -0.00237335
7.36 -0.00239173
7.38 -0.00231717
7.4 -0.00210407
7.42 -0.00171467
7.44 -0.00113786
7.46 -0.00041082
7.48 0.000375784
7.5 0.00110098
7.52 0.00165064
7.54 0.00194856
7.56 0.00197496
7.58 0.00177111
7.6 0.00142621
7.62 0.00104841
7.64 0.000730324
7.66 0.000522598
7.68 0.000427299
7.7 0.000411068
7.72 0.000428051
7.74 0.000438815
7.76 0.000414562
7.78 0.00033071
7.8 0.000159898
7.82 -0.000127833
7.84 -0.000552729
7.86 -0.00110766
7.88 -0.00174549
7.9 -0.00238076
7.92 -0.00290907
7.94 -0.00323321
7.96 -0.00328601
7.98 -0.0030441
8 -0.00252969
8.02 -0.00179944
8.04 -0.000925603
8.06 1.95036e-05
8.08 0.000973274
8.1 0.00188785
8.12 0.00272796
8.14 0.00346584
8.16 0.00407758
8.18 0.00454093
8.2 0.00483232
8.22 0.00492259
8.24 0.00477603
8.26 0.00435952
8.28 0.00366084
8.3 0.00270306
8.32 0.00154937
8.34 0.0003017
8.36 -0.000911751
8.38 -0.00196483
8.4 -0.00276544
8.42 -0.00327227
8.44 -0.00349133
8.46 -0.00345947
8.48 -0.0032239
8.5 -0.00282687
8.52 -0.00230406
8.54 -0.00169615
8.56 -0.00105922
8.58 -0.0004605
8.6 4.09279e-05
8.62 0.000417403
8.64 0.000684659
8.66 0.000895227
8.68 0.00111514
8.7 0.00139122
8.72 0.00172552
8.74 0.00207765
8.76 0.00239516
8.78 0.00264093
8.8 0.00279404
8.82 0.00283374
8.84 0.0027301
8.86 0.00245656
8.88 0.00201252
8.9 0.0014293
8.92 0.000753521
8.94 2.32083e-05
8.96 -0.000745541
8.98 -0.001551
9 -0.00238311
9.02 -0.00320438
9.04 -0.00395122
9.06 -0.00454875
9.08 -0.00492556
9.1 -0.00503569
9.12 -0.00487957
9.14 -0.00449683
9.16 -0.00393817
9.18 -0.00324883
9.2 -0.00247563
9.22 -0.00167439
9.24 -0.000898562
9.26 -0.000189049
9.28 0.000417699
9.3 0.000884046
9.32 0.00118913
9.34 0.00135091
9.36 0.00142064
9.38 0.00145637
9.4 0.00150262
9.42 0.00158308
9.44 0.00170075
9.46 0.0018402
9.48 0.00197437
9.5 0.00207766
9.52 0.00213654
9.54 0.00215149
9.56 0.00212666
9.58 0.00205215
9.6 0.00190161
9.62 0.00165117
9.64 0.00129722
9.66 0.000857936
9.68 0.000364486
9.7 -0.000150184
9.72 -0.000665456
9.74 -0.00118103
9.76 -0.00170328
9.78 -0.00222133
9.8 -0.00270083
9.82 -0.00309776
9.84 -0.00337244
9.86 -0.00349722
9.88 -0.00346321
9.9 -0.00327871
9.92 -0.00295482
9.94 -0.00249384
9.96 -0.00189693
9.98 -0.00117924
10 -0.000368838
10.02 0.000506955
10.04 0.00142462
10.06 0.00235502
10.08 0.00325835
10.1 0.0040894
10.12 0.00480879
10.14 0.00539486
10.16 0.0058463
10.18 0.00617276
10.2 0.00638372
10.22 0.00648587
10.24 0.00648754
10.26 0.00639713
10.28 0.00621539
10.3 0.0059346
10.32 0.00554306
10.34 0.00502748
10.36 0.00437684
10.38 0.00359009
10.4 0.00268197
10.42 0.00168245
10.44 0.000629198
10.46 -0.000442083
10.48 -0.00150093
10.5 -0.00252021
10.52 -0.00347561
10.54 -0.00434477
10.56 -0.00510594
10.58 -0.00574002
10.6 -0.00623529
10.62 -0.00659289
10.64 -0.00682864
10.66 -0.0069648
10.68 -0.00701562
10.7 -0.00697835
10.72 -0.006838
10.74 -0.00658291
10.76 -0.00621708
10.78 -0.0057567
10.8 -0.00521695
10.82 -0.00460572
10.84 -0.00392966
10.86 -0.00320467
10.88 -0.00246021
10.9 -0.00173402
10.92 -0.00106197
10.94 -0.000467517
10.96 4.68476e-05
10.98 0.000499024
11 0.000913423
11.02 0.00130479
11.04 0.00167297
11.06 0.00200722
11.08 0.00229182
11.1 0.00251095
11.12 0.00265419
11.14 0.0027205
11.16 0.00271883
11.18 0.00266682
11.2 0.00258795
11.22 0.00250637
11.24 0.00244217
11.26 0.00241
11.28 0.00241987
11.3 0.00247577
11.32 0.0025696
11.34 0.00267614
11.36 0.00275621
11.38 0.00276708
11.4 0.00267391
11.42 0.00245905
11.44 0.00212448
11.46 0.00168355
11.48 0.00114778
11.5 0.00052097
11.52 -0.00019476
11.54 -0.000987964
11.56 -0.00183108
11.58 -0.0026811
11.6 -0.00348573
11.62 -0.00419194
11.64 -0.00475306
11.66 -0.00513112
11.68 -0.00529564
11.7 -0.00522413
11.72 -0.00490784
11.74 -0.00436134
11.76 -0.00362985
11.78 -0.00278739
11.8 -0.00192227
11.82 -0.00111397
11.84 -0.000412667
11.86 0.000168861
11.88 0.000647963
11.9 0.00105276
11.92 0.00139944
11.94 0.00168
11.96 0.00187085
11.98 0.00195711
12 0.00195133
12.02 0.00189027
12.04 0.00181405
12.06 0.00174595
12.08 0.00168692
12.1 0.00162632
12.12 0.00156032
12.14 0.00150439
12.16 0.00149055
12.18 0.00155214
12.2 0.0017053
12.22 0.0019337
12.24 0.00218352
12.26 0.00237569
12.28 0.00243262
12.3 0.00230414
12.32 0.00197727
12.34 0.00146907
12.36 0.000812931
12.38 4.71806e-05
12.4 -0.000789656
12.42 -0.00165722
12.44 -0.00251031
12.46 -0.00330048
12.48 -0.00398242
12.5 -0.00452147
12.52 -0.00490039
12.54 -0.00512391
12.56 -0.00521694
12.58 -0.00521366
12.6 -0.00514249
12.62 -0.00501564
12.64 -0.00482746
12.66 -0.0045602
12.68 -0.00419363
12.7 -0.00371357
12.72 -0.00311524
12.74 -0.00240202
12.76 -0.00158147
12.78 -0.000659423
12.8 0.000363517
12.82 0.00148874
12.84 0.00271095
12.86 0.00401122
12.88 0.00535602
12.9 0.00669991
12.92 0.00798846
12.94 0.00915992
12.96 0.0101475
12.98 0.0108858
13 0.0113214
13.02 0.0114227
13.04 0.0111828
13.06 0.0106157
13.08 0.00974865
13.1 0.00861615
13.12 0.00725625
13.14 0.00571078
13.16 0.00402593
13.18 0.00225145
13.2 0.000440786
13.22 -0.00134584
13.24 -0.00304131
13.26 -0.00458147
13.28 -0.00592046
13.3 -0.0070386
13.32 -0.00793854
13.34 -0.00863584
13.36 -0.0091483
13.38 -0.00948718
13.4 -0.00965573
13.42 -0.00965672
13.44 -0.0095028
13.46 -0.00922107
13.48 -0.00884811
13.5 -0.00841701
13.52 -0.00794332
13.54 -0.00741954
13.56 -0.00682197
13.58 -0.0061258
13.6 -0.00531952
13.62 -0.00441129
13.64 -0.00342617
13.66 -0.00239899
13.68 -0.00136721
13.7 -0.000365613
13.72 0.000576489
13.74 0.00143564
13.76 0.00219401
13.78 0.00284015
13.8 0.00336989
13.82 0.0037852
13.84 0.00409151
13.86 0.0042958
13.88 0.00440729
13.9 0.00444051
13.92 0.00441868
13.94 0.004373
13.96 0.00433537
13.98 0.00432884
14 0.00436203
14.02 0.00442877
14.04 0.00451152
14.06 0.00458621
14.08 0.00462676
14.1 0.00460821
14.12 0.00450848
14.14 0.00430917
14.16 0.00399569
14.18 0.00355732
14.2 0.00298785
14.22 0.00228772
14.24 0.00146683
14.26 0.000546845
14.28 -0.000439098
14.3 -0.00144849
14.32 -0.00243246
14.34 -0.00334024
14.36 -0.00412447
14.38 -0.00474557
14.4 -0.00517497
14.42 -0.00539764
14.44 -0.00541298
14.46 -0.00523357
14.48 -0.00488241
14.5 -0.00438907
14.52 -0.00378574
14.54 -0.00310405
14.56 -0.00237253
14.58 -0.00161497
14.6 -0.000850248
14.62 -9.28466e-05
14.64 0.000647671
14.66 0.00136681
14.68 0.00206161
14.7 0.00272458
14.72 0.00333962
14.74 0.00388245
14.76 0.00432554
14.78 0.00464478
14.8 0.00482377
14.82 0.00485416
14.84 0.00473555
14.86 0.00447737
14.88 0.00409931
14.9 0.00362607
14.92 0.00307975
14.94 0.00247632
14.96 0.00182704
14.98 0.00114063
15 0.000424956
15.02 -0.000310445
15.04 -0.00105201
15.06 -0.00178159
15.08 -0.00247643
15.1 -0.00310926
15.12 -0.00365105
15.14 -0.00407667
15.16 -0.00436975
15.18 -0.00452404
15.2 -0.00454337
15.22 -0.00444108
15.24 -0.00423726
15.26 -0.0039542
15.28 -0.00361225
15.3 -0.00322761
15.32 -0.0028118
15.34 -0.00237308
15.36 -0.00191983
15.38 -0.00146289
15.4 -0.00101351
15.42 -0.000577589
15.44 -0.000149883
15.46 0.000287804
15.48 0.000762427
15.5 0.00130154
15.52 0.00192437
15.54 0.00263304
15.56 0.00340624
15.58 0.00419894
15.6 0.00494974
15.62 0.00559283
15.64 0.00606957
15.66 0.00633734
15.68 0.00637474
15.7 0.00618225
15.72 0.00577844
15.74 0.00519517
15.76 0.00447549
15.78 0.00367132
15.8 0.00283649
15.82 0.00201699
15.84 0.00124414
15.86 0.00053216
15.88 -0.000121165
15.9 -0.000730212
15.92 -0.00131411
15.94 -0.0018892
15.96 -0.00246343
15.98 -0.00303364
16 -0.00358738
16.02 -0.00410716
16.04 -0.00457354
16.06 -0.00496658
16.08 -0.00526777
16.1 -0.00546335
16.12 -0.00554844
16.14 -0.00552935
16.16 -0.00542223
16.18 -0.00524841
16.2 -0.00502864
16.22 -0.00477838
16.24 -0.00450602
16.26 -0.00421456
16.28 -0.00390449
16.3 -0.00357507
16.32 -0.00322419
16.34 -0.00284852
16.36 -0.00244387
16.38 -0.00200483
16.4 -0.00152591
16.42 -0.00100443
16.44 -0.000441491
16.46 0.000160338
16.48 0.000798744
16.5 0.00147002
16.52 0.00216551
16.54 0.00286929
16.56 0.00355907
16.58 0.00420927
16.6 0.00479437
16.62 0.00529141
16.64 0.00568199
16.66 0.00595452
16.68 0.00610616
16.7 0.00614117
16.72 0.00606516
16.74 0.00587885
16.76 0.00557649
16.78 0.00514996
16.8 0.0045953
16.82 0.00391779
16.84 0.00313325
16.86 0.00226565
16.88 0.00134424
16.9 0.000402292
16.92 -0.000523376
16.94 -0.00139426
16.96 -0.00217392
16.98 -0.00283155
17 -0.00334423
17.02 -0.00369809
17.04 -0.00388914
17.06 -0.00392391
17.08 -0.00381892
17.1 -0.00359898
17.12 -0.00329403
17.14 -0.00293562
17.16 -0.00255299
17.18 -0.00216875
17.2 -0.00179538
17.22 -0.00143445
17.24 -0.00107792
17.26 -0.000711261
17.28 -0.000318418
17.3 0.000112754
17.32 0.000586496
17.34 0.00109736
17.36 0.00163012
17.38 0.00216075
17.4 0.00265894
17.42 0.00309306
17.44 0.00343631
17.46 0.00367079
17.48 0.00378823
17.5 0.00378859
17.52 0.00367779
17.54 0.00346555
17.56 0.00316421
17.58 0.00278743
17.6 0.00234869
17.62 0.0018605
17.64 0.00133416
17.66 0.000780322
17.68 0.000210999
17.7 -0.000357611
17.72 -0.000904008
17.74 -0.00140428
17.76 -0.00183835
17.78 -0.00219544
17.8 -0.0024755
17.82 -0.00268704
17.84 -0.00284316
17.86 -0.00295692
17.88 -0.00303758
17.9 -0.00308952
17.92 -0.00311329
17.94 -0.00310634
17.96 -0.00306309
17.98 -0.00297551
18 -0.00283543
18.02 -0.00263829
18.04 -0.00238603
18.06 -0.00208703
18.08 -0.00175427
18.1 -0.00140389
18.12 -0.00105294
18.14 -0.000715455
18.16 -0.0003995
18.18 -0.000107799
18.2 0.000159207
18.22 0.000400941
18.24 0.00061679
18.26 0.000807602
18.28 0.000976339
18.3 0.00112703
18.32 0.00126286
18.34 0.00138431
18.36 0.00148832
18.38 0.00156895
18.4 0.00161966
18.42 0.00163613
18.44 0.00161841
18.46 0.00157061
18.48 0.00149731
18.5 0.00139947
18.52 0.00127285
18.54 0.00110937
18.56 0.00090069
18.58 0.000642524
18.6 0.000337953
18.62 -1.77328e-06
18.64 -0.000358934
18.66 -0.00071273
18.68 -0.00104348
18.7 -0.00133612
18.72 -0.00158138
18.74 -0.00177493
18.76 -0.00191632
18.78 -0.00200812
18.8 -0.0020548
18.82 -0.00206081
18.84 -0.00202839
18.86 -0.00195638
18.88 -0.00184094
18.9 -0.00167827
18.92 -0.00146713
18.94 -0.00121017
18.96 -0.000914152
18.98 -0.000589336
19 -0.000247952
19.02 9.7464e-05
19.04 0.000435163
19.06 0.000754694
19.08 0.00104718
19.1 0.00130568
19.12 0.00152536
19.14 0.0017034
19.16 0.00183885
19.18 0.00193232
19.2 0.00198552
19.22 0.00200061
19.24 0.00197962
19.26 0.00192427
19.28 0.00183583
19.3 0.00171513
19.32 0.00156313
19.34 0.00138181
19.36 0.00117495
19.38 0.000948699
19.4 0.000711405
19.42 0.000472815
19.44 0.000242698
19.46 2.94578e-05
19.48 -0.000160907
19.5 -0.000325269
19.52 -0.000463239
19.54 -0.000576712
19.56 -0.000669241
19.58 -0.000745342
19.6 -0.000809797
19.62 -0.000867043
19.64 -0.000920652
19.66 -0.000972918
19.68 -0.00102463
19.7 -0.00107496
19.72 -0.0011214
19.74 -0.00115977
19.76 -0.00118448
19.78 -0.00118909
19.8 -0.00116706
19.82 -0.00111263
19.84 -0.00102157
19.86 -0.000891835
19.88 -0.000723853
19.9 -0.000520577
19.92 -0.000287224
19.94 -3.08406e-05
19.96 0.000240237
19.98 0.00051694
20 0.000789963
