0.02 1.67636e-11
0.04 1.46855e-09
0.06 2.60593e-08
0.08 3.17422e-08
0.1 -3.35815e-07
0.12 -1.71472e-06
0.14 -4.47313e-06
0.16 -8.0517e-06
0.18 -1.06031e-05
0.2 -9.15987e-06
0.22 -3.82112e-07
0.24 1.85555e-05
0.26 4.94153e-05
0.28 9.26298e-05
0.3 0.000147416
0.32 0.000212654
0.34 0.000287807
0.36 0.000372938
0.38 0.000468332
0.4 0.000574172
0.42 0.000689944
0.44 0.000813771
0.46 0.000942252
0.48 0.00107079
0.5 0.00119384
0.52 0.00130454
0.54 0.00139437
0.56 0.00145368
0.58 0.00147419
0.6 0.00145224
0.62 0.00139119
0.64 0.00130115
0.66 0.00119588
0.68 0.00108807
0.7 0.000984785
0.72 0.000885307
0.74 0.000782854
0.76 0.000669178
0.78 0.000539741
0.8 0.000397253
0.82 0.00025177
0.84 0.000117549
0.86 8.78315e-06
0.88 -6.34764e-05
0.9 -9.26237e-05
0.92 -7.67589e-05
0.94 -1.84545e-05
0.96 7.58984e-05
0.98 0.000197779
1 0.000338515
1.02 0.000490071
1.04 0.000645606
1.06 0.000800364
1.08 0.000951386
1.1 0.00109625
1.12 0.00123254
1.14 0.00135752
1.16 0.00146641
1.18 0.00155066
1.2 0.00159949
1.22 0.00160344
1.24 0.00155571
1.26 0.00145152
1.28 0.00128877
1.3 0.00107176
1.32 0.000814463
1.34 0.000540174
1.36 0.000276465
1.38 4.75162e-05
1.4 -0.000132051
1.42 -0.000259664
1.44 -0.00034342
1.46 -0.000397381
1.48 -0.000435377
1.5 -0.000466877
1.52 -0.000496811
1.54 -0.000527032
1.56 -0.000557651
1.58 -0.000588595
1.6 -0.000620754
1.62 -0.000656075
1.64 -0.000697062
1.66 -0.000746483
1.68 -0.000807886
1.7 -0.000886181
1.72 -0.000987253
1.74 -0.00111595
1.76 -0.00127217
1.78 -0.0014474
1.8 -0.00162492
1.82 -0.00178439
1.84 -0.00190835
1.86 -0.00198674
1.88 -0.0020178
1.9 -0.00200675
1.92 -0.00196366
1.94 -0.00190051
1.96 -0.00182715
1.98 -0.00174651
2 -0.0016507
2.02 -0.00152029
2.04 -0.00132816
2.06 -0.00104664
2.08 -0.000656625
2.1 -0.00015663
2.12 0.000431638
2.14 0.0010665
2.16 0.00169844
2.18 0.00228472
2.2 0.00279923
2.22 0.00323439
2.24 0.00359715
2.26 0.00390442
2.28 0.00417918
2.3 0.00444536
2.32 0.00472164
2.34 0.00501757
2.36 0.00533354
2.38 0.00566306
2.4 0.00599633
2.42 0.0063233
2.44 0.00663276
2.46 0.00690716
2.48 0.00711625
2.5 0.00721432
2.52 0.00714518
2.54 0.00685357
2.56 0.00629796
2.58 0.0054597
2.6 0.00434746
2.62 0.00299619
2.64 0.00146074
2.66 -0.000192874
2.68 -0.00189542
2.7 -0.00357884
2.72 -0.0051748
2.74 -0.00661098
2.76 -0.0078138
2.78 -0.00872138
2.8 -0.00930061
2.82 -0.00955693
2.84 -0.00952882
2.86 -0.00926934
2.88 -0.0088279
2.9 -0.00824441
2.92 -0.00755251
2.94 -0.00678168
2.96 -0.00595572
2.98 -0.00508967
3 -0.00418503
3.02 -0.00322612
3.04 -0.00218242
3.06 -0.00101758
3.08 0.000299333
3.1 0.00178434
3.12 0.00342832
3.14 0.00518396
3.16 0.0069554
3.18 0.00859781
3.2 0.00993049
3.22 0.010768
3.24 0.0109687
3.26 0.0104831
3.28 0.00937899
3.3 0.00783157
3.32 0.00608111
3.34 0.00436736
3.36 0.00286428
3.38 0.00164244
3.4 0.000678262
3.42 -9.66239e-05
3.44 -0.000732311
3.46 -0.00121459
3.48 -0.00146108
3.5 -0.00136587
3.52 -0.000869748
3.54 -1.57844e-05
3.56 0.00103969
3.58 0.00206221
3.6 0.00279976
3.62 0.0030436
3.64 0.00266946
3.66 0.00165125
3.68 5.56324e-05
3.7 -0.00197245
3.72 -0.00423342
3.74 -0.00650597
3.76 -0.00858257
3.78 -0.010298
3.8 -0.0115433
3.82 -0.012262
3.84 -0.0124375
3.86 -0.0120836
3.88 -0.0112443
3.9 -0.0100004
3.92 -0.00847261
3.94 -0.00681274
3.96 -0.00517412
3.98 -0.00367521
4 -0.00237793
4.02 -0.0012916
4.04 -0.000392585
4.06 0.000356631
4.08 0.00099643
4.1 0.00156659
4.12 0.00210904
4.14 0.00267331
4.16 0.00331614
4.18 0.00408839
4.2 0.00501306
4.22 0.00606592
4.24 0.00716716
4.26 0.0081883
4.28 0.00897455
4.3 0.00937921
4.32 0.00929981
4.34 0.00870256
4.36 0.00762859
4.38 0.00618255
4.4 0.00450743
4.42 0.00275463
4.44 0.00106175
4.46 -0.000454681
4.48 -0.00169717
4.5 -0.00258785
4.52 -0.003082
4.54 -0.00319243
4.56 -0.00300872
4.58 -0.00269428
4.6 -0.00245677
4.62 -0.00249988
4.64 -0.00297021
4.66 -0.00391323
4.68 -0.00525273
4.7 -0.00680621
4.72 -0.00833672
4.74 -0.00962443
4.76 -0.0105285
4.78 -0.0110132
4.8 -0.0111321
4.82 -0.0109845
4.84 -0.0106622
4.86 -0.0102093
4.88 -0.00960518
4.9 -0.00877786
4.92 -0.0076403
4.94 -0.00613579
4.96 -0.00427241
4.98 -0.00213161
5 0.000149977
5.02 0.00241605
5.04 0.00452942
5.06 0.00639942
5.08 0.00798806
5.1 0.00929592
5.12 0.0103391
5.14 0.0111318
5.16 0.0116802
5.18 0.011985
5.2 0.0120417
5.22 0.0118416
5.24 0.0113738
5.26 0.0106335
5.28 0.00963294
5.3 0.00841036
5.32 0.00703508
5.34 0.00560308
5.36 0.00422159
5.38 0.00298501
5.4 0.00195223
5.42 0.00113528
5.44 0.000502209
5.46 -9.28333e-06
5.48 -0.000470978
5.5 -0.000940301
5.52 -0.00144003
5.54 -0.00194879
5.56 -0.00240728
5.58 -0.00273972
5.6 -0.00288313
5.62 -0.00281324
5.64 -0.0025581
5.66 -0.00219707
5.68 -0.00184698
5.7 -0.00163791
5.72 -0.00168282
5.74 -0.00204828
5.76 -0.00273518
5.78 -0.00367497
5.8 -0.00474171
5.82 -0.0057765
5.84 -0.00661778
5.86 -0.00713112
5.88 -0.00723292
5.9 -0.00690398
5.92 -0.00619079
5.94 -0.00519226
5.96 -0.00403232
5.98 -0.00282558
6 -0.00164928
6.02 -0.000532701
6.04 0.000534243
6.06 0.00158128
6.08 0.00263688
6.1 0.00371204
6.12 0.00479093
6.14 0.00583028
6.16 0.00676778
6.18 0.00753635
6.2 0.00807752
6.22 0.00834815
6.24 0.00832032
6.26 0.00797814
6.28 0.00731522
6.3 0.00633485
6.32 0.00505308
6.34 0.00350309
6.36 0.00173851
6.38 -0.000166247
6.4 -0.0021188
6.42 -0.00401473
6.44 -0.00574709
6.46 -0.00721903
6.48 -0.0083563
6.5 -0.00911575
6.52 -0.00948793
6.54 -0.00949392
6.56 -0.009177
6.58 -0.00859035
6.6 -0.00778475
6.62 -0.00680045
6.64 -0.005667
6.66 -0.00441105
6.68 -0.0030682
6.7 -0.00169171
6.72 -0.000351614
6.74 0.000876152
6.76 0.00192529
6.78 0.002752
6.8 0.00334064
6.82 0.00370208
6.84 0.00386711
6.86 0.00387821
6.88 0.00378224
6.9 0.00362586
6.92 0.00345367
6.94 0.00330721
6.96 0.00322241
6.98 0.00322421
7 0.00331951
7.02 0.00349193
7.04 0.0037024
7.06 0.00389734
7.08 0.00402173
7.1 0.0040311
7.12 0.0038985
7.14 0.00361513
7.16 0.00318678
7.18 0.00262959
7.2 0.00196745
7.22 0.00123112
7.24 0.000456842
7.26 -0.000318484
7.28 -0.001065
7.3 -0.00176651
7.32 -0.00242167
7.34 -0.00303783
7.36 -0.00361951
7.38 -0.00415632
7.4 -0.00461608
7.42 -0.00494574
7.44 -0.00508009
7.46 -0.00495697
7.48 -0.00453721
7.5 -0.00382333
7.52 -0.0028682
7.54 -0.00176825
7.56 -0.000642737
7.58 0.000394136
7.6 0.00125991
7.62 0.00192097
7.64 0.0023945
7.66 0.00273457
7.68 0.00300752
7.7 0.00326622
7.72 0.00353269
7.74 0.00379467
7.76 0.0040148
7.78 0.00414579
7.8 0.00414376
7.82 0.0039757
7.84 0.0036214
7.86 0.00307387
7.88 0.002342
7.9 0.00145602
7.92 0.000472566
7.94 -0.000526143
7.96 -0.00144165
7.98 -0.00217599
8 -0.00265105
8.02 -0.00282467
8.04 -0.00269804
8.06 -0.00231224
8.08 -0.001736
8.1 -0.00104947
8.12 -0.000328846
8.14 0.000364087
8.16 0.000985884
8.18 0.00150977
8.2 0.0019207
8.22 0.00220909
8.24 0.00236462
8.26 0.0023714
8.28 0.00220726
8.3 0.0018495
8.32 0.00128598
8.34 0.000527781
8.36 -0.000380653
8.38 -0.00135819
8.4 -0.00229484
8.42 -0.00307109
8.44 -0.00358305
8.46 -0.00376455
8.48 -0.00359871
8.5 -0.0031161
8.52 -0.00238195
8.54 -0.00147902
8.56 -0.000493895
8.58 0.000489991
8.6 0.00139486
8.62 0.00215199
8.64 0.00270931
8.66 0.00304176
8.68 0.00315883
8.7 0.00310353
8.72 0.0029395
8.74 0.00272918
8.76 0.00251277
8.78 0.00229921
8.8 0.00207212
8.82 0.00180348
8.84 0.00146517
8.86 0.00103454
8.88 0.000497134
8.9 -0.000148827
8.92 -0.00088697
8.94 -0.00168155
8.96 -0.00248395
8.98 -0.0032453
9 -0.00392822
9.02 -0.00451091
9.04 -0.00498145
9.06 -0.00532765
9.08 -0.00552919
9.1 -0.00555576
9.12 -0.00537375
9.14 -0.00496035
9.16 -0.00431691
9.18 -0.00347296
9.2 -0.00248054
9.22 -0.00140547
9.24 -0.000320128
9.26 0.000703584
9.28 0.00160167
9.3 0.0023226
9.32 0.00282863
9.34 0.00309873
9.36 0.00313557
9.38 0.00297144
9.4 0.00266608
9.42 0.0022957
9.44 0.0019372
9.46 0.00165292
9.48 0.00147984
9.5 0.00142543
9.52 0.00147139
9.54 0.00158339
9.56 0.00172273
9.58 0.0018546
9.6 0.00194934
9.62 0.0019794
9.64 0.00191858
9.66 0.00174628
9.68 0.00145409
9.7 0.00104998
9.72 0.000557675
9.74 9.90703e-06
9.76 -0.000562008
9.78 -0.00113542
9.8 -0.0016952
9.82 -0.00222673
9.84 -0.0027098
9.86 -0.00311747
9.88 -0.00341958
9.9 -0.00358988
9.92 -0.0036128
9.94 -0.00348524
9.96 -0.00321252
9.98 -0.00280342
10 -0.00226879
10.02 -0.00162242
10.04 -0.000880472
10.06 -5.99746e-05
10.08 0.0008211
10.1 0.00174162
10.12 0.00267506
10.14 0.00358969
10.16 0.0044522
10.18 0.0052331
10.2 0.00591024
10.22 0.00646856
10.24 0.00689765
10.26 0.00719013
10.28 0.00734076
10.3 0.00734541
10.32 0.00720009
10.34 0.00690107
10.36 0.00644584
10.38 0.00583449
10.4 0.00507236
10.42 0.00417324
10.44 0.00316162
10.46 0.0020721
10.48 0.000945051
10.5 -0.00017941
10.52 -0.00126651
10.54 -0.0022898
10.56 -0.00323156
10.58 -0.00408106
10.6 -0.00483208
10.62 -0.00548143
10.64 -0.00602935
10.66 -0.00648114
10.68 -0.0068475
10.7 -0.00714113
10.72 -0.00737034
10.74 -0.00753359
10.76 -0.00761912
10.78 -0.0076103
10.8 -0.00749242
10.82 -0.00725618
10.84 -0.00689719
10.86 -0.00641453
10.88 -0.00581115
10.9 -0.00509653
10.92 -0.00428902
10.94 -0.00341562
10.96 -0.00250811
10.98 -0.00159614
11 -0.000700228
11.02 0.000170696
11.04 0.00101555
11.06 0.00183367
11.08 0.0026181
11.1 0.00335246
11.12 0.00401192
11.14 0.00456771
11.16 0.00499353
11.18 0.0052714
11.2 0.00539569
11.22 0.00537423
11.24 0.00522661
11.26 0.00497996
11.28 0.0046642
11.3 0.00430788
11.32 0.00393502
11.34 0.00356207
11.36 0.00319448
11.38 0.00282463
11.4 0.00243308
11.42 0.00199369
11.44 0.00148167
11.46 0.000881727
11.48 0.000192613
11.5 -0.000574472
11.52 -0.00140175
11.54 -0.00227068
11.56 -0.00316405
11.58 -0.00406389
11.6 -0.00494738
11.62 -0.00578383
11.64 -0.00653449
11.66 -0.00715568
11.68 -0.00760329
11.7 -0.00783686
11.72 -0.00782237
11.74 -0.00753519
11.76 -0.00696438
11.78 -0.00611873
11.8 -0.00503219
11.82 -0.00376486
11.84 -0.00239659
11.86 -0.00101343
11.88 0.000308578
11.9 0.00151607
11.92 0.0025823
11.94 0.00350075
11.96 0.00427216
11.98 0.00489301
12 0.00535263
12.02 0.00563997
12.04 0.00575362
12.06 0.00570692
12.08 0.00552479
12.1 0.00523522
12.12 0.00486172
12.14 0.00442214
12.16 0.00393385
12.18 0.00342083
12.2 0.00291674
12.22 0.00246063
12.24 0.00208603
12.26 0.00180746
12.28 0.00161132
12.3 0.0014568
12.32 0.00128762
12.34 0.00104909
12.36 0.000702651
12.38 0.000232757
12.4 -0.000354467
12.42 -0.00103761
12.44 -0.00178692
12.46 -0.00256874
12.48 -0.00334755
12.5 -0.00408703
12.52 -0.00475206
12.54 -0.00531206
12.56 -0.00574537
12.58 -0.00604274
12.6 -0.00620748
12.62 -0.00625092
12.64 -0.00618454
12.66 -0.00601241
12.68 -0.00572727
12.7 -0.0053121
12.72 -0.0047464
12.74 -0.00401435
12.76 -0.00311157
12.78 -0.00204816
12.8 -0.000847055
12.82 0.000460924
12.84 0.00184278
12.86 0.00326654
12.88 0.00470121
12.9 0.00611483
12.92 0.0074723
12.94 0.0087343
12.96 0.0098571
12.98 0.0107932
13 0.0114936
13.02 0.0119118
13.04 0.0120104
13.06 0.011768
13.08 0.0111832
13.1 0.0102757
13.12 0.00908268
13.14 0.00765362
13.16 0.00604412
13.18 0.0043114
13.2 0.00251105
13.22 0.000695185
13.24 -0.00108733
13.26 -0.00278969
13.28 -0.00436719
13.3 -0.00578079
13.32 -0.00700286
13.34 -0.0080217
13.36 -0.00884214
13.38 -0.00948131
13.4 -0.00996089
13.42 -0.010299
13.44 -0.0105056
13.46 -0.0105835
13.48 -0.0105336
13.5 -0.0103607
13.52 -0.0100752
13.54 -0.00968989
13.56 -0.00921372
13.58 -0.00864594
13.6 -0.00797574
13.62 -0.00718758
13.64 -0.00626979
13.66 -0.00522227
13.68 -0.00406015
13.7 -0.00281266
13.72 -0.00151848
13.74 -0.000219645
13.76 0.00104381
13.78 0.00223737
13.8 0.00333391
13.82 0.00431436
13.84 0.00516728
13.86 0.00588754
13.88 0.00647415
13.9 0.00692842
13.92 0.00725319
13.94 0.00745379
13.96 0.00753972
13.98 0.00752521
14 0.00742715
14.02 0.00726126
14.04 0.00703794
14.06 0.00675981
14.08 0.00642167
14.1 0.00601282
14.12 0.00552049
14.14 0.00493333
14.16 0.00424405
14.18 0.00345067
14.2 0.00255668
14.22 0.00157044
14.24 0.000504707
14.26 -0.00062326
14.28 -0.00179095
14.3 -0.00296975
14.32 -0.00412476
14.34 -0.0052155
14.36 -0.006198
14.38 -0.0070279
14.4 -0.00766434
14.42 -0.00807378
14.44 -0.00823342
14.46 -0.00813347
14.48 -0.00777815
14.5 -0.00718491
14.52 -0.00638218
14.54 -0.00540604
14.56 -0.00429635
14.58 -0.00309332
14.6 -0.00183462
14.62 -0.000553856
14.64 0.000719985
14.66 0.00196233
14.68 0.00315272
14.7 0.00427385
14.72 0.00530961
14.74 0.00624221
14.76 0.00704999
14.78 0.007707
14.8 0.00818541
14.82 0.00845969
14.84 0.00851103
14.86 0.00833065
14.88 0.00792208
14.9 0.00730206
14.92 0.00649941
14.94 0.00555126
14.96 0.00449786
14.98 0.00337787
15 0.00222524
15.02 0.00106795
15.04 -7.15221e-05
15.06 -0.00117441
15.08 -0.00222365
15.1 -0.00320207
15.12 -0.00409123
15.14 -0.00487123
15.16 -0.00552227
15.18 -0.00602741
15.2 -0.00637566
15.22 -0.00656414
15.24 -0.00659902
15.26 -0.00649472
15.28 -0.00627133
15.3 -0.00595084
15.32 -0.0055532
15.34 -0.00509333
15.36 -0.00457993
15.38 -0.00401658
15.4 -0.00340461
15.42 -0.00274605
15.44 -0.00204492
15.46 -0.00130611
15.48 -0.000532587
15.5 0.000276941
15.52 0.00112816
15.54 0.00202845
15.56 0.00298161
15.58 0.00398128
15.6 0.00500541
15.62 0.00601395
15.64 0.00695153
15.66 0.00775437
15.68 0.00835975
15.7 0.00871546
15.72 0.00878731
15.74 0.00856268
15.76 0.00805047
15.78 0.00727858
15.8 0.00629032
15.82 0.00513995
15.84 0.00388677
15.86 0.00258839
15.88 0.00129464
15.9 4.28984e-05
15.92 -0.00114375
15.94 -0.00225525
15.96 -0.00329061
15.98 -0.00425233
16 -0.0051411
16.02 -0.00595223
16.04 -0.00667489
16.06 -0.0072935
16.08 -0.00779026
16.1 -0.00814776
16.12 -0.00835156
16.14 -0.00839278
16.16 -0.00827045
16.18 -0.00799296
16.2 -0.00757769
16.22 -0.00704866
16.24 -0.00643262
16.26 -0.00575497
16.28 -0.00503695
16.3 -0.0042948
16.32 -0.00354052
16.34 -0.00278316
16.36 -0.00202992
16.38 -0.00128675
16.4 -0.000558099
16.42 0.000153644
16.44 0.000848202
16.46 0.00152697
16.48 0.0021927
16.5 0.00284928
16.52 0.00350113
16.54 0.00415126
16.56 0.00479839
16.58 0.00543407
16.6 0.00604119
16.62 0.00659444
16.64 0.0070626
16.66 0.00741238
16.68 0.00761295
16.7 0.00764073
16.72 0.00748304
16.74 0.00713928
16.76 0.00661906
16.78 0.0059385
16.8 0.00511689
16.82 0.00417507
16.84 0.00313588
16.86 0.00202554
16.88 0.000874348
16.9 -0.000283825
16.92 -0.00141305
16.94 -0.00247697
16.96 -0.00344037
16.98 -0.00427068
17 -0.00493973
17.02 -0.00542546
17.04 -0.0057133
17.06 -0.00579729
17.08 -0.00568082
17.1 -0.0053769
17.12 -0.00490779
17.14 -0.00430384
17.16 -0.00360133
17.18 -0.00283965
17.2 -0.0020577
17.22 -0.00128991
17.24 -0.000562779
17.26 0.000107412
17.28 0.000715251
17.3 0.00126481
17.32 0.00176649
17.34 0.00223286
17.36 0.00267457
17.38 0.00309713
17.4 0.00349914
17.42 0.00387188
17.44 0.00420075
17.46 0.00446824
17.48 0.00465763
17.5 0.00475633
17.52 0.0047576
17.54 0.00466066
17.56 0.00446932
17.58 0.00419009
17.6 0.00383048
17.62 0.00339767
17.64 0.00289797
17.66 0.0023369
17.68 0.00171991
17.7 0.00105374
17.72 0.000348339
17.74 -0.000381243
17.76 -0.0011141
17.78 -0.00182501
17.8 -0.00248821
17.82 -0.00308181
17.84 -0.00359139
17.86 -0.00401122
17.88 -0.00434307
17.9 -0.00459303
17.92 -0.00476781
17.94 -0.00487191
17.96 -0.00490616
17.98 -0.00486753
18 -0.00474989
18.02 -0.0045457
18.04 -0.00424858
18.06 -0.00385645
18.08 -0.00337416
18.1 -0.0028148
18.12 -0.00219944
18.14 -0.0015553
18.16 -0.000912451
18.18 -0.000299532
18.2 0.000260008
18.22 0.000750074
18.24 0.00116216
18.26 0.00149442
18.28 0.00175038
18.3 0.00193781
18.32 0.00206748
18.34 0.00215154
18.36 0.00220156
18.38 0.00222648
18.4 0.00223105
18.42 0.00221541
18.44 0.00217613
18.46 0.00210819
18.48 0.00200727
18.5 0.00187075
18.52 0.00169729
18.54 0.00148514
18.56 0.00123074
18.58 0.000928526
18.6 0.000572435
18.62 0.00015886
18.64 -0.000310168
18.66 -0.000824753
18.68 -0.00136675
18.7 -0.00191148
18.72 -0.00243109
18.74 -0.0028984
18.76 -0.00329015
18.78 -0.00358913
18.8 -0.00378505
18.82 -0.00387442
18.84 -0.00385955
18.86 -0.0037467
18.88 -0.00354397
18.9 -0.00325934
18.92 -0.00289984
18.94 -0.00247185
18.96 -0.00198219
18.98 -0.00143941
19 -0.00085485
19.02 -0.00024284
19.04 0.000379809
19.06 0.000994905
19.08 0.00158415
19.1 0.00213028
19.12 0.00261805
19.14 0.00303493
19.16 0.00337165
19.18 0.0036224
19.2 0.00378492
19.22 0.00386036
19.24 0.00385275
19.26 0.00376841
19.28 0.00361522
19.3 0.00340187
19.32 0.00313724
19.34 0.00283001
19.36 0.00248854
19.38 0.00212112
19.4 0.00173626
19.42 0.00134307
19.44 0.000951206
19.46 0.000570508
19.48 0.000210166
19.5 -0.000122256
19.52 -0.00042167
19.54 -0.000685899
19.56 -0.000915566
19.58 -0.00111348
19.6 -0.0012837
19.62 -0.00143041
19.64 -0.00155701
19.66 -0.00166536
19.68 -0.00175544
19.7 -0.00182543
19.72 -0.00187202
19.74 -0.00189095
19.76 -0.00187759
19.78 -0.00182748
19.8 -0.00173675
19.82 -0.00160251
19.84 -0.00142311
19.86 -0.0011985
19.88 -0.000930398
19.9 -0.000622495
19.92 -0.000280548
19.94 8.76811e-05
19.96 0.000472619
19.98 0.000863212
20 0.00124738
