0.000000  -0.000832
0.020000  0.001276
0.040000  -0.001452
0.060000  -0.002440
0.080000  0.002838
0.100000  0.001404
0.120000  0.001398
0.140000  0.002344
0.160000  0.000745
0.180000  -0.000604
0.200000  0.001105
0.220000  0.001747
0.240000  -0.002236
0.260000  -0.000224
0.280000  0.007841
0.300000  -0.003140
0.320000  -0.001655
0.340000  0.003825
0.360000  -0.000943
0.380000  -0.002460
0.400000  -0.002805
0.420000  0.000261
0.440000  -0.002547
0.460000  -0.004490
0.480000  -0.008592
0.500000  -0.006751
0.520000  -0.002805
0.540000  0.006604
0.560000  0.002873
0.580000  0.008642
0.600000  -0.001990
0.620000  -0.001392
0.640000  -0.000814
0.660000  -0.015408
0.680000  0.004166
0.700000  -0.001102
0.720000  0.005256
0.740000  0.007619
0.760000  0.007223
0.780000  0.001486
0.800000  0.001278
0.820000  0.001491
0.840000  0.008534
0.860000  -0.001086
0.880000  -0.000314
0.900000  -0.000679
0.920000  -0.009293
0.940000  0.015322
0.960000  -0.010780
0.980000  -0.003459
1.000000  0.005102
1.020000  0.004050
1.040000  -0.011862
1.060000  0.000784
1.080000  0.003225
1.100000  -0.002850
1.120000  -0.022175
1.140000  -0.007092
1.160000  0.015303
1.180000  -0.010512
1.200000  -0.010297
1.220000  -0.016700
1.240000  0.020385
1.260000  0.013537
1.280000  0.008838
1.300000  0.010143
1.320000  -0.010913
1.340000  0.001181
1.360000  -0.001080
1.380000  -0.003788
1.400000  -0.001055
1.420000  0.001954
1.440000  0.014232
1.460000  -0.009171
1.480000  -0.004803
1.500000  0.012072
1.520000  -0.000748
1.540000  -0.003640
1.560000  0.005045
1.580000  -0.002128
1.600000  0.004118
1.620000  -0.003535
1.640000  -0.008620
1.660000  0.001270
1.680000  -0.006683
1.700000  0.005621
1.720000  0.016823
1.740000  0.006901
1.760000  -0.000418
1.780000  -0.005188
1.800000  -0.006693
1.820000  0.001937
1.840000  0.000825
1.860000  -0.010074
1.880000  -0.008223
1.900000  0.001689
1.920000  0.004531
1.940000  0.016137
1.960000  0.020356
1.980000  0.008315
2.000000  0.013201
2.020000  0.001075
2.040000  -0.004009
2.060000  -0.025872
2.080000  -0.025656
2.100000  0.011301
2.120000  0.003990
2.140000  0.008417
2.160000  0.002190
2.180000  -0.009240
2.200000  0.011391
2.220000  0.017148
2.240000  0.015189
2.260000  -0.013732
2.280000  -0.008372
2.300000  0.006594
2.320000  -0.006748
2.340000  -0.007718
2.360000  0.002916
2.380000  -0.008687
2.400000  -0.032726
2.420000  -0.028216
2.440000  -0.054487
2.460000  -0.026775
2.480000  -0.023515
2.500000  -0.009081
2.520000  -0.012330
2.540000  -0.006487
2.560000  0.022223
2.580000  0.004457
2.600000  0.014925
2.620000  0.020655
2.640000  0.020285
2.660000  0.027600
2.680000  0.069859
2.700000  0.041437
2.720000  0.016701
2.740000  -0.018323
2.760000  -0.018404
2.780000  -0.000072
2.800000  0.016795
2.820000  0.041325
2.840000  -0.013351
2.860000  -0.040556
2.880000  -0.003853
2.900000  0.031231
2.920000  -0.009083
2.940000  0.016970
2.960000  0.034030
2.980000  0.022591
3.000000  0.014623
3.020000  -0.003280
3.040000  0.015418
3.060000  0.003264
3.080000  -0.051694
3.100000  -0.090588
3.120000  -0.083878
3.140000  -0.092490
3.160000  -0.104555
3.180000  -0.012199
3.200000  0.079410
3.220000  0.049318
3.240000  0.081316
3.260000  0.073771
3.280000  0.010457
3.300000  -0.015693
3.320000  -0.077770
3.340000  -0.013480
3.360000  0.054356
3.380000  0.068415
3.400000  0.108721
3.420000  0.096606
3.440000  0.018447
3.460000  -0.080670
3.480000  -0.103971
3.500000  -0.083032
3.520000  -0.042116
3.540000  -0.043476
3.560000  -0.037648
3.580000  0.001343
3.600000  -0.014261
3.620000  0.001071
3.640000  0.071983
3.660000  0.081258
3.680000  0.030769
3.700000  0.026602
3.720000  0.011438
3.740000  0.002438
3.760000  0.021285
3.780000  0.029367
3.800000  0.008024
3.820000  -0.042466
3.840000  -0.052360
3.860000  -0.066379
3.880000  -0.084362
3.900000  -0.021105
3.920000  0.037823
3.940000  0.025844
3.960000  -0.022257
3.980000  -0.030734
4.000000  0.009953
4.020000  0.036229
4.040000  0.030405
4.060000  0.029729
4.080000  0.062656
4.100000  0.072181
4.120000  0.036665
4.140000  -0.009458
4.160000  -0.018505
4.180000  -0.032136
4.200000  -0.050086
4.220000  -0.053478
4.240000  -0.033606
4.260000  0.008441
4.280000  0.009143
4.300000  0.005958
4.320000  0.018644
4.340000  0.014559
4.360000  -0.013961
4.380000  -0.014844
4.400000  0.023359
4.420000  0.032572
4.440000  0.024657
4.460000  -0.006948
4.480000  -0.075791
4.500000  -0.104078
4.520000  -0.081079
4.540000  -0.055614
4.560000  -0.021591
4.580000  0.008750
4.600000  0.062696
4.620000  0.119318
4.640000  0.118098
4.660000  0.072180
4.680000  0.003730
4.700000  -0.047405
4.720000  -0.038274
4.740000  -0.011749
4.760000  -0.009078
4.780000  0.009911
4.800000  0.033248
4.820000  0.049344
4.840000  0.042034
4.860000  0.020763
4.880000  -0.016847
4.900000  -0.046493
4.920000  -0.029330
4.940000  -0.012621
4.960000  -0.010716
4.980000  0.012457
5.000000  0.025832
5.020000  0.010508
5.040000  -0.013035
5.060000  -0.032424
5.080000  -0.029267
5.100000  -0.008436
5.120000  -0.003458
5.140000  -0.034088
5.160000  -0.051782
5.180000  -0.032656
5.200000  -0.007920
5.220000  0.008426
5.240000  0.022318
5.260000  0.037844
5.280000  0.048391
5.300000  0.041490
5.320000  0.007245
5.340000  -0.019162
5.360000  -0.015105
5.380000  -0.012009
5.400000  -0.026819
5.420000  -0.024808
5.440000  0.002736
5.460000  0.025943
5.480000  0.042163
5.500000  0.041931
5.520000  0.023399
5.540000  -0.002637
5.560000  -0.020604
5.580000  -0.027434
5.600000  -0.037181
5.620000  -0.051637
5.640000  -0.050770
5.660000  -0.023414
5.680000  0.007643
5.700000  0.025047
5.720000  0.035908
5.740000  0.043702
5.760000  0.040131
5.780000  0.033746
5.800000  0.017427
5.820000  -0.002842
5.840000  -0.022115
5.860000  -0.039787
5.880000  -0.049127
5.900000  -0.026855
5.920000  0.012034
5.940000  0.027318
5.960000  0.026233
5.980000  0.007912
6.000000  0.007434
6.020000  0.016446
6.040000  0.013261
6.060000  -0.003191
6.080000  -0.012797
6.100000  -0.008070
6.120000  0.004458
6.140000  0.009650
6.160000  -0.006873
6.180000  -0.019561
6.200000  -0.017928
6.220000  -0.016573
6.240000  -0.016414
6.260000  -0.009085
6.280000  -0.002983
6.300000  0.005640
6.320000  0.011547
6.340000  0.017142
6.360000  0.028139
6.380000  0.028143
6.400000  0.014648
6.420000  0.002998
6.440000  -0.001151
6.460000  -0.002246
6.480000  -0.010273
6.500000  -0.014577
6.520000  0.000138
6.540000  0.009294
6.560000  0.010289
6.580000  0.014888
6.600000  -0.006004
6.620000  -0.016602
6.640000  -0.026854
6.660000  -0.024860
6.680000  -0.001922
6.700000  -0.001750
6.720000  0.003487
6.740000  -0.001038
6.760000  -0.001401
6.780000  0.004993
6.800000  0.002898
6.820000  0.003790
6.840000  0.005370
6.860000  0.008777
6.880000  0.012839
6.900000  0.006501
6.920000  -0.002091
6.940000  -0.014097
6.960000  -0.025439
6.980000  -0.026587
7.000000  -0.015936
7.020000  -0.002909
7.040000  -0.002616
7.060000  -0.000606
7.080000  -0.002184
7.100000  0.000187
7.120000  0.007303
7.140000  0.015035
7.160000  0.021996
7.180000  0.028605
7.200000  0.018829
7.220000  0.002571
7.240000  -0.003428
7.260000  0.000077
7.280000  0.004119
7.300000  0.014598
7.320000  0.025692
7.340000  0.023917
7.360000  0.021750
7.380000  0.018439
7.400000  0.012399
7.420000  -0.015126
7.440000  -0.052702
7.460000  -0.064789
7.480000  -0.056577
7.500000  -0.043904
7.520000  -0.031298
7.540000  -0.007943
7.560000  0.014341
7.580000  0.022489
7.600000  0.022485
7.620000  0.009430
7.640000  -0.003630
7.660000  -0.004186
7.680000  -0.004349
7.700000  0.006591
7.720000  0.011188
7.740000  -0.000375
7.760000  0.002125
7.780000  -0.009588
7.800000  -0.002787
7.820000  0.012760
7.840000  0.023303
7.860000  0.046143
7.880000  0.043691
7.900000  0.036620
7.920000  0.028405
7.940000  0.009959
7.960000  0.001118
7.980000  -0.015979
8.000000  -0.013738
8.020000  -0.010622
8.040000  -0.018514
8.060000  -0.007114
8.080000  -0.009894
8.100000  -0.010899
8.120000  -0.011548
8.140000  -0.013990
8.160000  -0.013823
8.180000  -0.023956
8.200000  -0.029305
8.220000  -0.040046
8.240000  -0.026526
8.260000  -0.008309
8.280000  0.000635
8.300000  0.017973
8.320000  0.036373
8.340000  0.042302
8.360000  0.022520
8.380000  0.006707
8.400000  -0.003501
8.420000  -0.007505
8.440000  -0.008238
8.460000  -0.003085
8.480000  0.002287
8.500000  -0.003611
8.520000  -0.017113
8.540000  -0.019067
8.560000  -0.011973
8.580000  0.008032
8.600000  0.029232
8.620000  0.037733
8.640000  0.041647
8.660000  0.027548
8.680000  0.003805
8.700000  -0.023105
8.720000  -0.017143
8.740000  0.006630
8.760000  0.003524
8.780000  -0.011227
8.800000  -0.027900
8.820000  -0.032503
8.840000  -0.005192
8.860000  0.013170
8.880000  0.006955
8.900000  -0.003614
8.920000  -0.023019
8.940000  -0.026611
8.960000  -0.016306
8.980000  0.002604
9.000000  0.021898
9.020000  0.008917
9.040000  0.015974
9.060000  0.028767
9.080000  -0.008244
9.100000  -0.016988
9.120000  -0.001661
9.140000  0.014376
9.160000  0.010366
9.180000  -0.019598
9.200000  -0.012974
9.220000  0.011194
9.240000  0.006296
9.260000  -0.013849
9.280000  -0.010648
9.300000  0.025814
9.320000  0.044093
9.340000  0.020998
9.360000  0.011731
9.380000  0.004506
9.400000  -0.002324
9.420000  -0.005971
9.440000  -0.024084
9.460000  -0.018995
9.480000  -0.012934
9.500000  -0.012127
9.520000  -0.001478
9.540000  -0.016462
9.560000  -0.033689
9.580000  -0.016661
9.600000  0.003984
9.620000  0.011958
9.640000  0.009523
9.660000  0.009128
9.680000  0.011360
9.700000  -0.009692
9.720000  -0.013814
9.740000  0.010365
9.760000  0.027471
9.780000  0.019591
9.800000  0.007268
9.820000  0.015479
9.840000  0.008989
9.860000  -0.001659
9.880000  0.002296
9.900000  0.018522
9.920000  0.021661
9.940000  -0.002195
9.960000  -0.012901
9.980000  0.000884
10.000000  0.011555
10.020000  -0.005374
10.040000  -0.018948
10.060000  -0.018577
10.080000  -0.021980
10.100000  -0.013001
10.120000  -0.003344
10.140000  -0.007258
10.160000  -0.011859
10.180000  -0.016922
10.200000  -0.007050
10.220000  0.004452
10.240000  -0.007534
10.260000  -0.012679
10.280000  -0.002812
10.300000  -0.005527
10.320000  -0.008655
10.340000  -0.002735
10.360000  0.003617
10.380000  0.008667
10.400000  0.009796
10.420000  0.004737
10.440000  -0.002315
10.460000  0.006462
10.480000  0.005948
10.500000  0.002252
10.520000  0.011057
10.540000  0.009826
10.560000  0.010039
10.580000  0.009023
10.600000  0.000523
10.620000  -0.000364
10.640000  0.008838
10.660000  0.020208
10.680000  0.024818
10.700000  0.017979
10.720000  0.002657
10.740000  -0.005070
10.760000  0.005186
10.780000  0.011370
10.800000  0.005186
10.820000  -0.006243
10.840000  -0.018140
10.860000  -0.021723
10.880000  -0.018451
10.900000  -0.017323
10.920000  -0.010539
10.940000  0.001854
10.960000  0.001591
10.980000  -0.010314
11.000000  -0.015566
11.020000  -0.010374
11.040000  -0.008406
11.060000  -0.008683
11.080000  -0.006002
11.100000  0.000872
11.120000  0.005567
11.140000  0.008607
11.160000  0.015749
11.180000  0.016554
11.200000  0.014942
11.220000  0.014547
11.240000  0.013804
11.260000  0.015229
11.280000  0.008449
11.300000  -0.004792
11.320000  -0.013621
11.340000  -0.012866
11.360000  -0.012030
11.380000  -0.008129
11.400000  -0.000814
11.420000  0.001391
11.440000  -0.007300
11.460000  -0.016408
11.480000  -0.013990
11.500000  -0.006537
11.520000  0.002375
11.540000  0.006647
11.560000  0.009130
11.580000  0.011876
11.600000  0.009773
11.620000  0.011236
11.640000  0.014430
11.660000  0.016906
11.680000  0.014930
11.700000  0.003960
11.720000  -0.010011
11.740000  -0.024626
11.760000  -0.032952
11.780000  -0.028203
11.800000  -0.016168
11.820000  -0.003667
11.840000  0.004226
11.860000  0.006511
11.880000  -0.001182
11.900000  -0.013154
11.920000  -0.017522
11.940000  -0.004866
11.960000  0.019364
11.980000  0.027894
12.000000  0.022329
12.020000  0.008361
12.040000  0.000398
12.060000  0.002512
12.080000  0.010011
12.100000  0.024095
12.120000  0.028712
12.140000  0.021642
12.160000  0.012021
12.180000  -0.002616
12.200000  -0.021981
12.220000  -0.035953
12.240000  -0.036122
12.260000  -0.021567
12.280000  -0.011129
12.300000  -0.009760
12.320000  -0.009832
12.340000  -0.009169
12.360000  -0.005693
12.380000  -0.000055
12.400000  0.010146
12.420000  0.016372
12.440000  0.016588
12.460000  0.015068
12.480000  0.012944
12.500000  0.006609
12.520000  -0.001418
12.540000  -0.004143
12.560000  0.001558
12.580000  0.008601
12.600000  0.011352
12.620000  0.011945
12.640000  0.009465
12.660000  0.003429
12.680000  -0.000942
12.700000  -0.001556
12.720000  -0.003873
12.740000  -0.001475
12.760000  0.004303
12.780000  0.008566
12.800000  0.005666
12.820000  -0.000354
12.840000  -0.001221
12.860000  -0.002739
12.880000  -0.004493
12.900000  -0.009859
12.920000  -0.017146
12.940000  -0.023253
12.960000  -0.022496
12.980000  -0.016263
13.000000  -0.011221
13.020000  -0.009532
13.040000  -0.009908
13.060000  -0.009639
13.080000  -0.010022
13.100000  -0.007728
13.120000  -0.003729
13.140000  -0.001988
13.160000  -0.002208
13.180000  0.003450
13.200000  0.014837
13.220000  0.019979
13.240000  0.011177
13.260000  0.002031
13.280000  0.002929
13.300000  0.006485
13.320000  0.008116
13.340000  0.014844
13.360000  0.021456
13.380000  0.019692
13.400000  0.011645
13.420000  0.002743
13.440000  -0.001816
13.460000  -0.001712
13.480000  0.006048
13.500000  0.014249
13.520000  0.016201
13.540000  0.011008
13.560000  0.002116
13.580000  -0.006164
13.600000  -0.009908
13.620000  -0.010238
13.640000  -0.012407
13.660000  -0.012873
13.680000  -0.012756
13.700000  -0.012761
13.720000  -0.012790
13.740000  -0.011523
13.760000  -0.007187
13.780000  -0.004844
13.800000  -0.004529
13.820000  -0.004727
13.840000  -0.003616
13.860000  0.000280
13.880000  0.005802
13.900000  0.013739
13.920000  0.015789
13.940000  0.010665
13.960000  0.007820
13.980000  0.005600
14.000000  0.003998
14.020000  0.003320
14.040000  0.001538
14.060000  0.000464
14.080000  -0.001441
14.100000  -0.003428
14.120000  -0.004710
14.140000  -0.007170
14.160000  -0.009124
14.180000  -0.009370
14.200000  -0.008915
14.220000  -0.004996
14.240000  -0.002089
14.260000  -0.000513
14.280000  0.003419
14.300000  0.006172
14.320000  0.006644
14.340000  0.006388
14.360000  0.006789
14.380000  0.004755
14.400000  0.001428
14.420000  -0.000387
14.440000  -0.002773
14.460000  -0.004131
14.480000  -0.004262
14.500000  -0.004140
14.520000  -0.004498
14.540000  -0.002619
14.560000  -0.001683
14.580000  -0.001832
14.600000  -0.001385
14.620000  0.002664
14.640000  0.004323
14.660000  -0.000139
14.680000  -0.004263
14.700000  -0.007024
14.720000  -0.007524
14.740000  -0.004589
14.760000  -0.000198
14.780000  0.000476
14.800000  0.000421
14.820000  0.003200
14.840000  0.011291
14.860000  0.012232
14.880000  0.007094
14.900000  0.002028
14.920000  0.001828
14.940000  0.002138
14.960000  -0.001502
14.980000  -0.002526
15.000000  -0.000581
15.020000  0.000242
15.040000  0.000373
15.060000  0.004273
15.080000  0.007822
15.100000  0.006998
15.120000  0.003121
15.140000  0.002671
15.160000  0.002650
15.180000  -0.000700
15.200000  -0.002747
15.220000  -0.002566
15.240000  -0.000521
15.260000  0.000051
15.280000  0.000048
15.300000  0.001662
15.320000  -0.001237
15.340000  -0.005414
15.360000  -0.008097
15.380000  -0.005775
15.400000  -0.001457
15.420000  0.003979
15.440000  0.007932
15.460000  0.006060
15.480000  0.006010
15.500000  0.002206
15.520000  -0.005709
15.540000  -0.014111
15.560000  -0.019755
15.580000  -0.019740
15.600000  -0.017965
15.620000  -0.015281
15.640000  -0.010020
15.660000  -0.003179
15.680000  0.001537
15.700000  0.004344
15.720000  0.008774
15.740000  0.018040
15.760000  0.021793
15.780000  0.017072
15.800000  0.012348
15.820000  0.008873
15.840000  0.003982
15.860000  -0.002145
15.880000  -0.003685
15.900000  -0.003241
15.920000  -0.003591
15.940000  -0.000375
15.960000  0.001490
15.980000  -0.000536
16.000000  -0.000711
16.020000  0.001293
16.040000  0.002157
16.060000  0.001823
16.080000  -0.001146
16.100000  -0.005921
16.120000  -0.008428
16.140000  -0.008872
16.160000  -0.007504
16.180000  -0.005066
16.200000  -0.001633
16.220000  -0.000669
16.240000  -0.000820
16.260000  -0.000653
16.280000  0.002201
16.300000  0.004775
16.320000  0.004365
16.340000  0.006864
16.360000  0.009944
16.380000  0.008763
16.400000  0.005593
16.420000  0.008061
16.440000  0.010835
16.460000  0.009213
16.480000  0.005457
16.500000  -0.000527
16.520000  -0.004729
16.540000  -0.005970
16.560000  -0.008171
16.580000  -0.008365
16.600000  -0.008559
16.620000  -0.007554
16.640000  -0.002268
16.660000  0.002177
16.680000  0.002740
16.700000  -0.001544
16.720000  -0.005356
16.740000  -0.005563
16.760000  -0.003990
16.780000  -0.002206
16.800000  -0.000247
16.820000  -0.002128
16.840000  -0.003130
16.860000  -0.002776
16.880000  -0.000217
16.900000  0.003136
16.920000  0.002585
16.940000  0.002367
16.960000  0.002255
16.980000  0.002408
17.000000  0.002078
17.020000  -0.000080
17.040000  -0.002157
17.060000  -0.004188
17.080000  -0.005794
17.100000  -0.005627
17.120000  -0.005965
17.140000  -0.004538
17.160000  0.000899
17.180000  0.004046
17.200000  0.007339
17.220000  0.011418
17.240000  0.012650
17.260000  0.011935
17.280000  0.009624
17.300000  0.007039
17.320000  0.004000
17.340000  -0.000081
17.360000  -0.004759
17.380000  -0.008392
17.400000  -0.007518
17.420000  -0.006162
17.440000  -0.006490
17.460000  -0.006337
17.480000  -0.006458
17.500000  -0.006540
17.520000  -0.005921
17.540000  -0.003807
17.560000  -0.004249
17.580000  -0.003460
17.600000  -0.001545
17.620000  -0.000994
17.640000  0.001703
17.660000  0.005742
17.680000  0.010886
17.700000  0.013968
17.720000  0.012208
17.740000  0.007138
17.760000  0.003725
17.780000  0.001586
17.800000  -0.000271
17.820000  -0.001674
17.840000  -0.000607
17.860000  0.000137
17.880000  -0.001069
17.900000  -0.001443
17.920000  0.000080
17.940000  0.001765
17.960000  0.001639
17.980000  0.000263
18.000000  -0.004218
18.020000  -0.006547
18.040000  -0.006096
18.060000  -0.007128
18.080000  -0.008967
18.100000  -0.006533
18.120000  -0.001580
18.140000  0.001479
18.160000  0.001960
18.180000  0.001783
18.200000  0.002734
18.220000  0.005514
18.240000  0.006974
18.260000  0.006702
18.280000  0.004833
18.300000  0.002552
18.320000  -0.000015
18.340000  -0.002741
18.360000  -0.003196
18.380000  -0.003132
18.400000  -0.001905
18.420000  0.000840
18.440000  -0.000131
18.460000  -0.003012
18.480000  -0.004777
18.500000  -0.005324
18.520000  -0.004541
18.540000  -0.002576
18.560000  0.001093
18.580000  0.003937
18.600000  0.006335
18.620000  0.007351
18.640000  0.007540
18.660000  0.005452
18.680000  0.002920
18.700000  0.002480
18.720000  0.000602
18.740000  -0.001593
18.760000  -0.004035
18.780000  -0.004694
18.800000  -0.004248
18.820000  -0.002605
18.840000  -0.000751
18.860000  -0.001043
18.880000  -0.002176
18.900000  -0.002022
18.920000  -0.002193
18.940000  -0.003123
18.960000  -0.002927
18.980000  -0.002570
19.000000  -0.002222
19.020000  -0.001961
19.040000  -0.001706
19.060000  -0.000939
19.080000  0.000308
19.100000  0.001030
19.120000  0.001888
19.140000  0.002726
19.160000  0.003338
19.180000  0.003422
19.200000  0.003022
19.220000  0.002788
19.240000  0.002296
19.260000  0.001294
19.280000  0.000536
19.300000  0.000443
19.320000  0.000411
19.340000  0.000746
19.360000  0.001237
19.380000  0.001539
19.400000  0.001281
19.420000  0.000970
19.440000  0.000377
19.460000  -0.000227
19.480000  -0.000554
19.500000  -0.000839
19.520000  -0.001048
19.540000  -0.001151
19.560000  -0.001056
19.580000  -0.000954
19.600000  -0.000893
19.620000  -0.000697
19.640000  -0.000687
19.660000  -0.000804
19.680000  -0.000791
19.700000  -0.000678
19.720000  -0.000464
19.740000  -0.000281
19.760000  -0.000122
19.780000  0.000029
19.800000  0.000172
19.820000  0.000229
19.840000  0.000255
19.860000  0.000251
19.880000  0.000225
19.900000  0.000171
19.920000  0.000111
19.940000  0.000068
19.960000  0.000046
19.980000  0.000035
