0.02 -6.25736e-13
0.04 -1.21371e-11
0.06 4.12057e-11
0.08 1.87973e-10
0.1 2.99722e-11
0.12 -5.76699e-10
0.14 -7.22064e-10
0.16 7.39057e-11
0.18 -2.9355e-10
0.2 -6.45656e-09
0.22 -2.45411e-08
0.24 -6.52002e-08
0.26 -1.55522e-07
0.28 -3.56005e-07
0.3 -7.6147e-07
0.32 -1.45584e-06
0.34 -2.4065e-06
0.36 -3.31148e-06
0.38 -3.44062e-06
0.4 -1.5386e-06
0.42 4.14507e-06
0.44 1.56799e-05
0.46 3.51733e-05
0.48 6.44706e-05
0.5 0.000104931
0.52 0.000157344
0.54 0.000221996
0.56 0.000298818
0.58 0.000387527
0.6 0.000487663
0.62 0.000598494
0.64 0.00071881
0.66 0.000846675
0.68 0.000979197
0.7 0.00111235
0.72 0.00124093
0.74 0.00135865
0.76 0.00145864
0.78 0.00153415
0.8 0.00157964
0.82 0.00159185
0.84 0.00157064
0.86 0.00151899
0.88 0.00144239
0.9 0.00134737
0.92 0.00123998
0.94 0.00112455
0.96 0.00100344
0.98 0.000877716
1 0.000748486
1.02 0.000618392
1.04 0.000492558
1.06 0.000378681
1.08 0.000286197
1.1 0.000224828
1.12 0.000202968
1.14 0.000226339
1.16 0.000297206
1.18 0.000414209
1.2 0.00057274
1.22 0.000765648
1.24 0.000984071
1.26 0.00121826
1.28 0.00145834
1.3 0.00169484
1.32 0.00191901
1.34 0.00212277
1.36 0.00229844
1.38 0.00243851
1.4 0.00253529
1.42 0.00258097
1.44 0.00256792
1.46 0.00248949
1.48 0.00234126
1.5 0.00212247
1.52 0.00183743
1.54 0.00149616
1.56 0.00111409
1.58 0.000710356
1.6 0.000305253
1.62 -8.26997e-05
1.64 -0.000439178
1.66 -0.00075534
1.68 -0.00102773
1.7 -0.00125703
1.72 -0.00144624
1.74 -0.00159894
1.76 -0.00171814
1.78 -0.00180591
1.8 -0.00186369
1.82 -0.00189288
1.84 -0.00189558
1.86 -0.0018752
1.88 -0.00183679
1.9 -0.00178725
1.92 -0.00173497
1.94 -0.0016891
1.96 -0.00165823
1.98 -0.00164891
2 -0.00166438
2.02 -0.00170394
2.04 -0.00176332
2.06 -0.00183588
2.08 -0.00191445
2.1 -0.00199303
2.12 -0.00206792
2.14 -0.00213784
2.16 -0.00220278
2.18 -0.00226209
2.2 -0.00231228
2.22 -0.00234526
2.24 -0.00234792
2.26 -0.00230345
2.28 -0.00219445
2.3 -0.00200714
2.32 -0.00173537
2.34 -0.00138318
2.36 -0.000964792
2.38 -0.000502042
2.4 -1.97954e-05
2.42 0.000459259
2.44 0.000919079
2.46 0.0013529
2.48 0.00176352
2.5 0.00216143
2.52 0.00256148
2.54 0.00297903
2.56 0.00342642
2.58 0.0039105
2.6 0.00443131
2.62 0.00498158
2.64 0.0055467
2.66 0.00610475
2.68 0.00662658
2.7 0.00707645
2.72 0.00741372
2.74 0.00759611
2.76 0.0075844
2.78 0.00734786
2.8 0.00686943
2.82 0.00614919
2.84 0.00520548
2.86 0.00407344
2.88 0.00280167
2.9 0.0014482
2.92 7.65088e-05
2.94 -0.00124792
2.96 -0.00246121
2.98 -0.00350524
3 -0.00433226
3.02 -0.0049092
3.04 -0.00522038
3.06 -0.00526772
3.08 -0.00506818
3.1 -0.0046491
3.12 -0.00404302
3.14 -0.00328292
3.16 -0.00239906
3.18 -0.00141717
3.2 -0.000357865
3.22 0.000763123
3.24 0.00193411
3.26 0.00314585
3.28 0.00438878
3.3 0.00564883
3.32 0.00690209
3.34 0.00810874
3.36 0.00920813
3.38 0.0101169
3.4 0.0107329
3.42 0.010946
3.44 0.0106558
3.46 0.00979342
3.48 0.00834136
3.5 0.00634611
3.52 0.00391774
3.54 0.00121517
3.56 -0.00157977
3.58 -0.00429215
3.6 -0.00677857
3.62 -0.0089394
3.64 -0.0107165
3.66 -0.0120802
3.68 -0.0130139
3.7 -0.0135035
3.72 -0.0135385
3.74 -0.013122
3.76 -0.0122843
3.78 -0.0110938
3.8 -0.00965644
3.82 -0.00810449
3.84 -0.0065769
3.86 -0.00519672
3.88 -0.00405271
3.9 -0.00318907
3.92 -0.002605
3.94 -0.00226249
3.96 -0.00209902
3.98 -0.00204155
4 -0.00201878
4.02 -0.00197002
4.04 -0.00185065
4.06 -0.00163502
4.08 -0.00131782
4.1 -0.000914199
4.12 -0.000457965
4.14 3.27344e-06
4.16 0.000416271
4.18 0.000732607
4.2 0.000918943
4.22 0.000964061
4.24 0.000880416
4.26 0.000699825
4.28 0.000465063
4.3 0.000220509
4.32 4.86125e-06
4.34 -0.000152474
4.36 -0.000231681
4.38 -0.000221423
4.4 -0.000118524
4.42 7.03635e-05
4.44 0.000325753
4.46 0.000613121
4.48 0.000884113
4.5 0.00108278
4.52 0.00115651
4.54 0.00106898
4.56 0.000811368
4.58 0.000407879
4.6 -8.62718e-05
4.62 -0.000593971
4.64 -0.00102961
4.66 -0.00131321
4.68 -0.00138237
4.7 -0.00120107
4.72 -0.000765204
4.74 -0.000105888
4.76 0.00070996
4.78 0.00158279
4.8 0.00238939
4.82 0.00299902
4.84 0.00329563
4.86 0.00320248
4.88 0.00270252
4.9 0.00184761
4.92 0.000751997
4.94 -0.000429893
4.96 -0.00153622
4.98 -0.00243181
5 -0.00303382
5.02 -0.00332191
5.04 -0.00333091
5.06 -0.0031298
5.08 -0.00279503
5.1 -0.00238694
5.12 -0.00193639
5.14 -0.00144391
5.16 -0.00088939
5.18 -0.000247015
5.2 0.000500896
5.22 0.00135543
5.24 0.00229945
5.26 0.0033011
5.28 0.0043193
5.3 0.00530821
5.32 0.00621957
5.34 0.00700326
5.36 0.00760786
5.38 0.00798254
5.4 0.00808105
5.42 0.00786705
5.44 0.00731984
5.46 0.00643894
5.48 0.00524706
5.5 0.00379087
5.52 0.00213968
5.54 0.000381519
5.56 -0.00138341
5.58 -0.00305196
5.6 -0.00452911
5.62 -0.00573912
5.64 -0.00663438
5.66 -0.00719951
5.68 -0.00744911
5.7 -0.00741938
5.72 -0.00715541
5.74 -0.00669783
5.76 -0.00607271
5.78 -0.00528803
5.8 -0.00433774
5.82 -0.00321237
5.84 -0.00191303
5.86 -0.000464328
5.88 0.0010779
5.9 0.00262692
5.92 0.00407413
5.94 0.00530515
5.96 0.00621935
5.98 0.00674826
6 0.00686862
6.02 0.00660696
6.04 0.00603468
6.06 0.00525458
6.08 0.00438178
6.1 0.00352303
6.12 0.00275899
6.14 0.00213335
6.16 0.0016511
6.18 0.00128569
6.2 0.000992764
6.22 0.000726326
6.24 0.000452963
6.26 0.000160468
6.28 -0.000140752
6.3 -0.000423053
6.32 -0.000651392
6.34 -0.000794445
6.36 -0.000833985
6.38 -0.000770536
6.4 -0.000624704
6.42 -0.00043475
6.44 -0.000251574
6.46 -0.000132367
6.48 -0.000133788
6.5 -0.000305221
6.52 -0.000682471
6.54 -0.00128231
6.56 -0.00209852
6.58 -0.00310009
6.6 -0.0042323
6.62 -0.00542101
6.64 -0.00657988
6.66 -0.00761966
6.68 -0.00845827
6.7 -0.00902997
6.72 -0.0092921
6.74 -0.00922832
6.76 -0.00884768
6.78 -0.00818009
6.8 -0.00726918
6.82 -0.00616452
6.84 -0.00491507
6.86 -0.0035654
6.88 -0.0021553
6.9 -0.000721791
6.92 0.000697653
6.94 0.00206267
6.96 0.00332955
6.98 0.00445302
7 0.00538991
7.02 0.00610337
7.04 0.00656666
7.06 0.00676578
7.08 0.00670081
7.1 0.00638617
7.12 0.00585008
7.14 0.00513316
7.16 0.00428583
7.18 0.0033643
7.2 0.00242494
7.22 0.00151821
7.24 0.00068302
7.26 -5.66504e-05
7.28 -0.000692218
7.3 -0.0012278
7.32 -0.00167536
7.34 -0.00204918
7.36 -0.00236104
7.38 -0.00261714
7.4 -0.002817
7.42 -0.00295417
7.44 -0.00301816
7.46 -0.00299731
7.48 -0.00288189
7.5 -0.00266691
7.52 -0.00235391
7.54 -0.00195094
7.56 -0.00147052
7.58 -0.000925692
7.6 -0.000325227
7.62 0.000330309
7.64 0.00104992
7.66 0.00184963
7.68 0.00274603
7.7 0.00374719
7.72 0.00484364
7.74 0.00600237
7.76 0.00716642
7.78 0.00826086
7.8 0.00920416
7.82 0.00992201
7.84 0.0103599
7.86 0.010491
7.88 0.0103172
7.9 0.00986402
7.92 0.00917127
7.94 0.00828235
7.96 0.00723578
7.98 0.00606043
8 0.00477482
8.02 0.00338981
8.04 0.00191311
8.06 0.000354576
8.08 -0.00126863
8.1 -0.00292745
8.12 -0.00457754
8.14 -0.00615795
8.16 -0.00759305
8.18 -0.00879834
8.2 -0.00969003
8.22 -0.010197
8.24 -0.0102724
8.26 -0.00990258
8.28 -0.00911035
8.3 -0.00795224
8.32 -0.00651029
8.34 -0.00488065
8.36 -0.00316162
8.38 -0.00144385
8.4 0.000195743
8.42 0.00169584
8.44 0.00300915
8.46 0.00409885
8.48 0.00493491
8.5 0.00549196
8.52 0.00574965
8.54 0.00569569
8.56 0.00533064
8.58 0.00467277
8.6 0.00376093
8.62 0.00265389
8.64 0.00142551
8.66 0.000156584
8.68 -0.00107493
8.7 -0.00220273
8.72 -0.00317826
8.74 -0.00397321
8.76 -0.00457854
8.78 -0.00500115
8.8 -0.00525944
8.82 -0.00537827
8.84 -0.00538392
8.86 -0.00529919
8.88 -0.00513917
8.9 -0.00490892
8.92 -0.00460392
8.94 -0.00421399
8.96 -0.00372962
8.98 -0.00314912
9 -0.00248421
9.02 -0.00176223
9.04 -0.00102422
9.06 -0.000319299
9.08 0.000303192
9.1 0.000801917
9.12 0.00115016
9.14 0.00133946
9.16 0.00137957
9.18 0.00129512
9.2 0.00112015
9.22 0.000891995
9.24 0.000646273
9.26 0.000413943
9.28 0.000220388
9.3 8.57666e-05
9.32 2.54757e-05
9.34 4.98875e-05
9.36 0.000163199
9.38 0.000361901
9.4 0.000633762
9.42 0.000958156
9.44 0.00130799
9.46 0.00165282
9.48 0.00196243
9.5 0.00221006
9.52 0.00237502
9.54 0.0024447
9.56 0.00241601
9.58 0.00229645
9.6 0.00210418
9.62 0.00186657
9.64 0.00161686
9.66 0.00138898
9.68 0.00121154
9.7 0.00110243
9.72 0.00106561
9.74 0.00109101
9.76 0.00115749
9.78 0.00123773
9.8 0.00130362
9.82 0.00133076
9.84 0.00130146
9.86 0.00120611
9.88 0.00104334
9.9 0.000819347
9.92 0.000546339
9.94 0.000240305
9.96 -8.17734e-05
9.98 -0.000404711
10 -0.000717093
10.02 -0.00101177
10.04 -0.00128471
10.06 -0.00153269
10.08 -0.00175077
10.1 -0.00193046
10.12 -0.00205921
10.14 -0.00212114
10.16 -0.00209879
10.18 -0.00197527
10.2 -0.00173633
10.22 -0.00137208
10.24 -0.000878318
10.26 -0.000257727
10.28 0.000479206
10.3 0.00131345
10.32 0.00221734
10.34 0.00315543
10.36 0.00408657
10.38 0.00496703
10.4 0.00575418
10.42 0.00641006
10.44 0.00690415
10.46 0.00721498
10.48 0.00733031
10.5 0.00724635
10.52 0.00696623
10.54 0.00649834
10.56 0.00585493
10.58 0.00505131
10.6 0.00410569
10.62 0.00303964
10.64 0.00187871
10.66 0.0006529
10.68 -0.00060357
10.7 -0.00185332
10.72 -0.00305772
10.74 -0.00417921
10.76 -0.00518377
10.78 -0.00604287
10.8 -0.00673488
10.82 -0.00724585
10.84 -0.00756984
10.86 -0.00770874
10.88 -0.00767163
10.9 -0.00747328
10.92 -0.00713211
10.94 -0.00666776
10.96 -0.00609889
10.98 -0.00544186
11 -0.00471048
11.02 -0.00391686
11.04 -0.00307296
11.06 -0.00219236
11.08 -0.00129175
11.1 -0.000391967
11.12 0.00048181
11.14 0.00130081
11.16 0.00203443
11.18 0.00265293
11.2 0.00313057
11.22 0.00344838
11.24 0.00359604
11.26 0.00357206
11.28 0.00338243
11.3 0.00303817
11.32 0.00255266
11.34 0.00193975
11.36 0.00121311
11.38 0.000387135
11.4 -0.000521284
11.42 -0.00149076
11.44 -0.00249401
11.46 -0.00349768
11.48 -0.00446352
11.5 -0.00535072
11.52 -0.00611922
11.54 -0.00673334
11.56 -0.0071654
11.58 -0.00739867
11.6 -0.00742928
11.62 -0.0072663
11.64 -0.00693019
11.66 -0.00644962
11.68 -0.00585762
11.7 -0.00518773
11.72 -0.00447115
11.74 -0.00373506
11.76 -0.00300194
11.78 -0.00228943
11.8 -0.00161023
11.82 -0.000971725
11.84 -0.00037556
11.86 0.000182645
11.88 0.000712976
11.9 0.00123014
11.92 0.00175159
11.94 0.00229486
11.96 0.00287447
11.98 0.0034985
12 0.00416552
12.02 0.00486261
12.04 0.00556517
12.06 0.00623915
12.08 0.00684553
12.1 0.00734605
12.12 0.00770879
12.14 0.00791178
12.16 0.00794413
12.18 0.0078046
12.2 0.00749896
12.22 0.00703746
12.24 0.0064333
12.26 0.00570246
12.28 0.00486417
12.3 0.00394139
12.32 0.0029609
12.34 0.00195291
12.36 0.000950676
12.38 -9.76198e-06
12.4 -0.000889971
12.42 -0.00165043
12.44 -0.00225346
12.46 -0.00266795
12.48 -0.00287499
12.5 -0.00287278
12.52 -0.00267904
12.54 -0.00232971
12.56 -0.00187402
12.58 -0.00136715
12.6 -0.00086251
12.62 -0.000405309
12.64 -2.86542e-05
12.66 0.000247672
12.68 0.000416338
12.7 0.000480303
12.72 0.000450096
12.74 0.000340912
12.76 0.000169744
12.78 -4.72015e-05
12.8 -0.000296394
12.82 -0.000567663
12.84 -0.000853371
12.86 -0.00114624
12.88 -0.00143654
12.9 -0.00170972
12.92 -0.00194562
12.94 -0.00211966
12.96 -0.00220596
12.98 -0.00218146
13 -0.00202979
13.02 -0.00174389
13.04 -0.00132697
13.06 -0.000791757
13.08 -0.000158857
13.1 0.000545215
13.12 0.00128973
13.14 0.00204096
13.16 0.00276304
13.18 0.0034188
13.2 0.00397101
13.22 0.00438418
13.24 0.00462693
13.26 0.00467473
13.28 0.00451232
13.3 0.00413543
13.32 0.00355134
13.34 0.00277824
13.36 0.00184337
13.38 0.000780619
13.4 -0.000372029
13.42 -0.00157464
13.44 -0.0027868
13.46 -0.00396846
13.48 -0.00508064
13.5 -0.00608631
13.52 -0.00695177
13.54 -0.00764846
13.56 -0.00815463
13.58 -0.00845644
13.6 -0.00854801
13.62 -0.00843051
13.64 -0.00811074
13.66 -0.00760002
13.68 -0.00691376
13.7 -0.00607172
13.72 -0.00509844
13.74 -0.00402308
13.76 -0.00287817
13.78 -0.00169736
13.8 -0.000512806
13.82 0.000646881
13.84 0.00175733
13.86 0.00279763
13.88 0.00374856
13.9 0.00459074
13.92 0.00530365
13.94 0.00586603
13.96 0.0062576
13.98 0.00646154
14 0.00646708
14.02 0.00627125
14.04 0.00587969
14.06 0.00530625
14.08 0.00457185
14.1 0.00370286
14.12 0.00272968
14.14 0.00168547
14.16 0.000605247
14.18 -0.000475044
14.2 -0.00151956
14.22 -0.00249404
14.24 -0.00336752
14.26 -0.00411419
14.28 -0.00471478
14.3 -0.00515743
14.32 -0.00543761
14.34 -0.0055574
14.36 -0.0055243
14.38 -0.00534996
14.4 -0.00504915
14.42 -0.00463898
14.44 -0.00413837
14.46 -0.00356741
14.48 -0.00294652
14.5 -0.00229531
14.52 -0.00163114
14.54 -0.000967834
14.56 -0.000314741
14.58 0.000323597
14.6 0.000946979
14.62 0.00155839
14.64 0.00216235
14.66 0.00276316
14.68 0.00336315
14.7 0.00396155
14.72 0.00455383
14.74 0.00513174
14.76 0.00568396
14.78 0.00619723
14.8 0.00665764
14.82 0.0070519
14.84 0.00736847
14.86 0.00759821
14.88 0.00773466
14.9 0.00777374
14.92 0.00771296
14.94 0.00755037
14.96 0.00728342
14.98 0.00690827
15 0.00641981
15.02 0.00581262
15.04 0.00508283
15.06 0.00423059
15.08 0.00326251
15.1 0.00219357
15.12 0.00104783
15.14 -0.000142346
15.16 -0.00133852
15.18 -0.00249953
15.2 -0.00358532
15.22 -0.00456039
15.24 -0.0053965
15.26 -0.00607402
15.28 -0.00658193
15.3 -0.00691667
15.32 -0.00708037
15.34 -0.00707881
15.36 -0.00691986
15.38 -0.00661255
15.4 -0.006167
15.42 -0.00559507
15.44 -0.00491134
15.46 -0.00413406
15.48 -0.00328559
15.5 -0.00239212
15.52 -0.00148248
15.54 -0.000586474
15.56 0.000267133
15.58 0.0010524
15.6 0.00174757
15.62 0.00233586
15.64 0.00280592
15.66 0.00315212
15.68 0.00337482
15.7 0.00348055
15.72 0.00348181
15.74 0.00339604
15.76 0.00324357
15.78 0.00304453
15.8 0.00281516
15.82 0.00256449
15.84 0.00229219
15.86 0.00198842
15.88 0.0016359
15.9 0.00121393
15.92 0.000703406
15.94 9.18645e-05
15.96 -0.000622565
15.98 -0.0014289
16 -0.00230314
16.02 -0.0032101
16.04 -0.00410692
16.06 -0.00494767
16.08 -0.00568844
16.1 -0.00629216
16.12 -0.00673237
16.14 -0.00699528
16.16 -0.00707984
16.18 -0.00699573
16.2 -0.00675977
16.22 -0.00639171
16.24 -0.00591019
16.26 -0.00533001
16.28 -0.00466097
16.3 -0.00390865
16.32 -0.00307663
16.34 -0.00216968
16.36 -0.00119704
16.38 -0.000175061
16.4 0.000871421
16.42 0.00190941
16.44 0.00289976
16.46 0.00380066
16.48 0.00457177
16.5 0.00517856
16.52 0.00559582
16.54 0.00581002
16.56 0.00582018
16.58 0.00563735
16.6 0.00528298
16.62 0.00478647
16.64 0.00418242
16.66 0.00350787
16.68 0.00279977
16.7 0.00209288
16.72 0.00141815
16.74 0.000801444
16.76 0.000262603
16.78 -0.000185114
16.8 -0.00053531
16.82 -0.000788286
16.84 -0.000950359
16.86 -0.00103263
16.88 -0.00104927
16.9 -0.00101548
16.92 -0.000945651
16.94 -0.000851987
16.96 -0.000743913
16.98 -0.000628364
17 -0.000510648
17.02 -0.000395461
17.04 -0.000287594
17.06 -0.000192014
17.08 -0.00011328
17.1 -5.4474e-05
17.12 -1.60001e-05
17.14 5.3958e-06
17.16 1.70936e-05
17.18 3.04238e-05
17.2 5.98394e-05
17.22 0.000121526
17.24 0.000231598
17.26 0.000404051
17.28 0.0006487
17.3 0.000969337
17.32 0.00136237
17.34 0.00181625
17.36 0.00231179
17.38 0.00282365
17.4 0.00332265
17.42 0.00377891
17.44 0.00416513
17.46 0.00445979
17.48 0.00464933
17.5 0.00472936
17.52 0.0047043
17.54 0.00458579
17.56 0.00439007
17.58 0.00413488
17.6 0.00383649
17.62 0.00350741
17.64 0.00315514
17.66 0.00278231
17.68 0.00238775
17.7 0.00196854
17.72 0.00152209
17.74 0.00104812
17.76 0.000549722
17.78 3.36247e-05
17.8 -0.000490478
17.82 -0.00101127
17.84 -0.0015174
17.86 -0.00199902
17.88 -0.00244873
17.9 -0.00286188
17.92 -0.00323606
17.94 -0.00357004
17.96 -0.00386238
17.98 -0.00411033
18 -0.00430933
18.02 -0.00445326
18.04 -0.00453549
18.06 -0.00455023
18.08 -0.00449387
18.1 -0.00436584
18.12 -0.00416878
18.14 -0.00390814
18.16 -0.00359126
18.18 -0.00322646
18.2 -0.00282228
18.22 -0.00238716
18.24 -0.00192958
18.26 -0.0014587
18.28 -0.000985095
18.3 -0.000521522
18.32 -8.32485e-05
18.34 0.000312193
18.36 0.00064599
18.38 0.000899709
18.4 0.00105736
18.42 0.00110747
18.44 0.00104483
18.46 0.000871433
18.48 0.000596631
18.5 0.000236346
18.52 -0.000188413
18.54 -0.000653544
18.56 -0.00113409
18.58 -0.00160639
18.6 -0.00205
18.62 -0.00244889
18.64 -0.00279202
18.66 -0.00307305
18.68 -0.0032895
18.7 -0.00344162
18.72 -0.00353131
18.74 -0.00356144
18.76 -0.00353562
18.78 -0.00345826
18.8 -0.00333469
18.82 -0.00317095
18.84 -0.00297325
18.86 -0.00274709
18.88 -0.0024963
18.9 -0.00222247
18.92 -0.00192493
18.94 -0.00160131
18.96 -0.00124875
18.98 -0.000865135
19 -0.000450281
19.02 -6.61469e-06
19.04 0.000460736
19.06 0.000944434
19.08 0.00143583
19.1 0.001926
19.12 0.00240668
19.14 0.00287081
19.16 0.00331265
19.18 0.00372743
19.2 0.00411068
19.22 0.00445752
19.24 0.00476204
19.26 0.00501703
19.28 0.00521409
19.3 0.00534426
19.32 0.00539884
19.34 0.00537057
19.36 0.00525465
19.38 0.00504971
19.4 0.00475847
19.42 0.00438799
19.44 0.0039494
19.46 0.00345728
19.48 0.00292866
19.5 0.00238171
19.52 0.00183452
19.54 0.00130392
19.56 0.000804642
19.58 0.000348827
19.6 -5.40225e-05
19.62 -0.000396839
19.64 -0.000674607
19.66 -0.000884002
19.68 -0.00102318
19.7 -0.0010918
19.72 -0.00109119
19.74 -0.00102468
19.76 -0.000897884
19.78 -0.000718777
19.8 -0.000497578
19.82 -0.000246331
19.84 2.1739e-05
19.86 0.000293012
19.88 0.000554295
19.9 0.000793575
19.92 0.00100063
19.94 0.00116746
19.96 0.00128851
19.98 0.0013607
20 0.00138332
