0.02 8.18952e-11
0.04 1.81332e-09
0.06 -2.40513e-10
0.08 -2.15921e-08
0.1 -6.86518e-08
0.12 -1.81995e-07
0.14 -5.40116e-07
0.16 -1.44534e-06
0.18 -3.10384e-06
0.2 -5.26439e-06
0.22 -6.87027e-06
0.24 -5.96189e-06
0.26 3.94855e-08
0.28 1.38215e-05
0.3 3.76468e-05
0.32 7.28874e-05
0.34 0.000119892
0.36 0.000178346
0.38 0.000247771
0.4 0.00032782
0.42 0.00041835
0.44 0.000519253
0.46 0.000630034
0.48 0.000749304
0.5 0.000874473
0.52 0.00100173
0.54 0.00112614
0.56 0.00124166
0.58 0.00134114
0.6 0.00141661
0.62 0.00146059
0.64 0.001468
0.66 0.00143808
0.68 0.00137528
0.7 0.00128831
0.72 0.00118765
0.74 0.0010821
0.76 0.000976175
0.78 0.00086943
0.8 0.00075814
0.82 0.000638542
0.84 0.000510124
0.86 0.000377384
0.88 0.0002493
0.9 0.000137074
0.92 5.14309e-05
0.94 4.75298e-07
0.96 -1.14205e-05
0.98 1.61206e-05
1 7.99318e-05
1.02 0.000174461
1.04 0.000292987
1.06 0.000428473
1.08 0.000574353
1.1 0.00072516
1.12 0.000876569
1.14 0.00102501
1.16 0.00116741
1.18 0.00130076
1.2 0.00142116
1.22 0.0015228
1.24 0.00159829
1.26 0.00163999
1.28 0.00164122
1.3 0.0015968
1.32 0.00150397
1.34 0.00136399
1.36 0.00118396
1.38 0.000977436
1.4 0.00076258
1.42 0.000558236
1.44 0.00037933
1.46 0.000233357
1.48 0.000119227
1.5 2.90195e-05
1.52 -4.81472e-05
1.54 -0.000122333
1.56 -0.000200606
1.58 -0.000286549
1.6 -0.000381072
1.62 -0.000483862
1.64 -0.000594596
1.66 -0.00071345
1.68 -0.000840868
1.7 -0.000977152
1.72 -0.00112233
1.74 -0.0012763
1.76 -0.00143898
1.78 -0.00160983
1.8 -0.00178621
1.82 -0.00196147
1.84 -0.00212429
1.86 -0.00226015
1.88 -0.00235483
1.9 -0.00239801
1.92 -0.0023856
1.94 -0.00232029
1.96 -0.00221043
1.98 -0.00206765
2 -0.0019036
2.02 -0.00172639
2.04 -0.00153734
2.06 -0.00132953
2.08 -0.0010889
2.1 -0.000798066
2.12 -0.000442065
2.14 -1.51835e-05
2.16 0.000473775
2.18 0.00100082
2.2 0.00153181
2.22 0.00203152
2.24 0.00247268
2.26 0.00284151
2.28 0.00313867
2.3 0.00337697
2.32 0.00357737
2.34 0.00376398
2.36 0.00395896
2.38 0.0041789
2.4 0.00443293
2.42 0.00472269
2.44 0.00504379
2.46 0.00538746
2.48 0.00574085
2.5 0.00608504
2.52 0.00639163
2.54 0.00662029
2.56 0.0067203
2.58 0.00663685
2.6 0.00632045
2.62 0.00573678
2.64 0.00487419
2.66 0.00374689
2.68 0.00239313
2.7 0.000869785
2.72 -0.000755033
2.74 -0.0024084
2.76 -0.00401606
2.78 -0.00550364
2.8 -0.00679906
2.82 -0.00783912
2.84 -0.00857952
2.86 -0.00900361
2.88 -0.00912434
2.9 -0.00897688
2.92 -0.00860671
2.94 -0.00805953
2.96 -0.00737586
2.98 -0.00658903
3 -0.00572528
3.02 -0.00480347
3.04 -0.00383328
3.06 -0.00281264
3.08 -0.00172732
3.1 -0.000554429
3.12 0.000730807
3.14 0.00214654
3.16 0.00369425
3.18 0.0053478
3.2 0.00704465
3.22 0.00868233
3.24 0.0101236
3.26 0.0112144
3.28 0.011815
3.3 0.011836
3.32 0.0112674
3.34 0.0101883
3.36 0.00875152
3.38 0.00714575
3.4 0.00554619
3.42 0.00407306
3.44 0.002775
3.46 0.00164249
3.48 0.000643548
3.5 -0.000236585
3.52 -0.000973001
3.54 -0.00150911
3.56 -0.00179136
3.58 -0.00181143
3.6 -0.00163297
3.62 -0.00138966
3.64 -0.00125547
3.66 -0.00139984
3.68 -0.00194588
3.7 -0.00294441
3.72 -0.00436683
3.74 -0.00611331
3.76 -0.00803194
3.78 -0.00994402
3.8 -0.0116709
3.82 -0.0130578
3.84 -0.0139894
3.86 -0.0143952
3.88 -0.0142461
3.9 -0.0135477
3.92 -0.0123361
3.94 -0.010677
3.96 -0.0086682
3.98 -0.00643567
4 -0.00412123
4.02 -0.00186118
4.04 0.000233479
4.06 0.00208686
4.08 0.00365665
4.1 0.00492571
4.12 0.00589304
4.14 0.00656859
4.16 0.00697401
4.18 0.00714725
4.2 0.00714501
4.22 0.0070373
4.24 0.00689322
4.26 0.00676253
4.28 0.00665981
4.3 0.00655793
4.32 0.00639451
4.34 0.00609128
4.36 0.00558004
4.38 0.0048262
4.4 0.00384232
4.42 0.00268776
4.44 0.00145474
4.46 0.000246513
4.48 -0.000843698
4.5 -0.00174558
4.52 -0.00241494
4.54 -0.00283169
4.56 -0.00300009
4.58 -0.00295475
4.6 -0.00276854
4.62 -0.00255403
4.64 -0.00245164
4.66 -0.00260348
4.68 -0.00311804
4.7 -0.00403519
4.72 -0.00530351
4.74 -0.00678078
4.76 -0.00826185
4.78 -0.00952797
4.8 -0.0104009
4.82 -0.0107826
4.84 -0.0106676
4.86 -0.0101268
4.88 -0.00927169
4.9 -0.00821323
4.92 -0.00703028
4.94 -0.00575715
4.96 -0.00439192
4.98 -0.00291948
5 -0.00133698
5.02 0.000330002
5.04 0.0020267
5.06 0.00368277
5.08 0.00523308
5.1 0.0066357
5.12 0.00787859
5.14 0.00897208
5.16 0.00993213
5.18 0.0107633
5.2 0.0114494
5.22 0.0119538
5.24 0.0122267
5.26 0.0122154
5.28 0.011876
5.3 0.0111847
5.32 0.0101466
5.34 0.00880326
5.36 0.00723309
5.38 0.00554647
5.4 0.00387106
5.42 0.00233
5.44 0.00101822
5.46 -1.58135e-05
5.48 -0.00077736
5.5 -0.00132001
5.52 -0.00172859
5.54 -0.00209478
5.56 -0.00249151
5.58 -0.00295347
5.6 -0.00346956
5.62 -0.00398993
5.64 -0.0044452
5.66 -0.00477109
5.68 -0.00493038
5.7 -0.00492612
5.72 -0.00480302
5.74 -0.00463662
5.76 -0.00451314
5.78 -0.00450525
5.8 -0.00465061
5.82 -0.00493901
5.84 -0.00531145
5.86 -0.00567103
5.88 -0.00590265
5.9 -0.0058966
5.92 -0.00557075
5.94 -0.00488715
5.96 -0.00385989
5.98 -0.00255225
6 -0.00106278
6.02 0.000496596
6.04 0.00202348
6.06 0.00344139
6.08 0.00470506
6.1 0.00579556
6.12 0.00670956
6.14 0.00744769
6.16 0.00800613
6.18 0.00837356
6.2 0.0085338
6.22 0.00847242
6.24 0.00818325
6.26 0.00767126
6.28 0.0069507
6.3 0.00603978
6.32 0.0049551
6.34 0.00370864
6.36 0.00230922
6.38 0.000768078
6.4 -0.000893554
6.42 -0.00263749
6.44 -0.0044047
6.46 -0.00611597
6.48 -0.00767811
6.5 -0.00899522
6.52 -0.00998269
6.54 -0.0105805
6.56 -0.0107629
6.58 -0.0105419
6.6 -0.00996365
6.62 -0.0090986
6.64 -0.00802755
6.66 -0.00682765
6.68 -0.00556249
6.7 -0.00427886
6.72 -0.0030102
6.74 -0.00178351
6.76 -0.000625111
6.78 0.000437757
6.8 0.00137973
6.82 0.00218212
6.84 0.0028367
6.86 0.00334666
6.88 0.00372474
6.9 0.00398966
6.92 0.0041629
6.94 0.00426686
6.96 0.0043248
6.98 0.00436131
7 0.0044016
7.02 0.00446837
7.04 0.0045761
7.06 0.00472494
7.08 0.00489686
7.1 0.0050568
7.12 0.00515866
7.14 0.00515412
7.16 0.00500111
7.18 0.00466949
7.2 0.00414336
7.22 0.00342114
7.24 0.002515
7.26 0.00145062
7.28 0.000266746
7.3 -0.000987134
7.32 -0.00225576
7.34 -0.00348461
7.36 -0.00462559
7.38 -0.0056394
7.4 -0.00649361
7.42 -0.00715765
7.44 -0.00759798
7.46 -0.00777599
7.48 -0.00765056
7.5 -0.00718572
7.52 -0.00636258
7.54 -0.00519222
7.56 -0.00372433
7.58 -0.00204725
7.6 -0.00027784
7.62 0.00145711
7.64 0.00304283
7.66 0.00439576
7.68 0.00547424
7.7 0.00627776
7.72 0.00683558
7.74 0.00718948
7.76 0.00737725
7.78 0.00742236
7.8 0.00733231
7.82 0.00710363
7.84 0.00672952
7.86 0.00620579
7.88 0.00553346
7.9 0.00471897
7.92 0.00377451
7.94 0.00272046
7.96 0.00158947
7.98 0.000429621
8 -0.000696452
8.02 -0.00171799
8.04 -0.0025673
8.06 -0.00319242
8.08 -0.00356721
8.1 -0.00369528
8.12 -0.00360706
8.14 -0.00335136
8.16 -0.00298447
8.18 -0.00256025
8.2 -0.00212348
8.22 -0.00170729
8.24 -0.00133379
8.26 -0.00101676
8.28 -0.000765126
8.3 -0.000586438
8.32 -0.000488764
8.34 -0.000479842
8.36 -0.000563317
8.38 -0.000733091
8.4 -0.0009676
8.42 -0.00122665
8.44 -0.00145361
8.46 -0.00158414
8.48 -0.00155975
8.5 -0.00134187
8.52 -0.000921767
8.54 -0.000322642
8.56 0.000406234
8.58 0.0012005
8.6 0.00199188
8.62 0.0027158
8.64 0.00331478
8.66 0.00373978
8.68 0.00395262
8.7 0.00393082
8.72 0.00367347
8.74 0.00320472
8.76 0.00257105
8.78 0.00183129
8.8 0.00104286
8.82 0.00025046
8.84 -0.000518221
8.86 -0.00124978
8.88 -0.00193913
8.9 -0.00258419
8.92 -0.0031825
8.94 -0.0037289
8.96 -0.00421356
8.98 -0.00462105
9 -0.00493197
9.02 -0.00512749
9.04 -0.00519522
9.06 -0.00513272
9.08 -0.00494665
9.1 -0.00464812
9.12 -0.00424664
9.14 -0.00374601
9.16 -0.00314506
9.18 -0.002444
9.2 -0.00165275
9.22 -0.000796216
9.24 8.61671e-05
9.26 0.000945532
9.28 0.00173075
9.3 0.00239594
9.32 0.00290654
9.34 0.00324216
9.36 0.00339629
9.38 0.0033754
9.4 0.00319933
9.42 0.00290212
9.44 0.00253094
9.46 0.00214125
9.48 0.00178841
9.5 0.00151789
9.52 0.00135681
9.54 0.00130949
9.56 0.00135861
9.58 0.00147145
9.6 0.00160913
9.62 0.00173496
9.64 0.00181887
9.66 0.00183774
9.68 0.00177408
9.7 0.00161579
9.72 0.00135773
9.74 0.00100404
9.76 0.000569328
9.78 7.65609e-05
9.8 -0.000448251
9.82 -0.000981756
9.84 -0.00150588
9.86 -0.00200651
9.88 -0.00246997
9.9 -0.00287967
9.92 -0.00321526
9.94 -0.0034548
9.96 -0.00357884
9.98 -0.00357333
10 -0.00342981
10.02 -0.00314394
10.04 -0.00271441
10.06 -0.00214298
10.08 -0.00143522
10.1 -0.000601696
10.12 0.000340499
10.14 0.00136604
10.16 0.0024404
10.18 0.00352063
10.2 0.00455879
10.22 0.00550734
10.24 0.00632483
10.26 0.00697982
10.28 0.00745264
10.3 0.00773533
10.32 0.00783024
10.34 0.00774742
10.36 0.0075017
10.38 0.00710982
10.4 0.00658818
10.42 0.0059514
10.44 0.00521228
10.46 0.00438304
10.48 0.00347727
10.5 0.00251127
10.52 0.00150395
10.54 0.000475249
10.56 -0.000555965
10.58 -0.00157364
10.6 -0.00256509
10.62 -0.00352028
10.64 -0.00443036
10.66 -0.00528634
10.68 -0.00607904
10.7 -0.00680003
10.72 -0.00744278
10.74 -0.00800215
10.76 -0.00847205
10.78 -0.00884218
10.8 -0.00909641
10.82 -0.00921427
10.84 -0.0091747
10.86 -0.00896006
10.88 -0.00855873
10.9 -0.00796628
10.92 -0.00718612
10.94 -0.00623044
10.96 -0.00512132
10.98 -0.00389087
11 -0.00257954
11.02 -0.00123187
11.04 0.00010923
11.06 0.0014072
11.08 0.00263347
11.1 0.00376582
11.12 0.00478491
11.14 0.00567096
11.16 0.00640238
11.18 0.00695686
11.2 0.0073147
11.22 0.00746282
11.24 0.00739814
11.26 0.00712926
11.28 0.00667607
11.3 0.00606731
11.32 0.00533717
11.34 0.00452172
11.36 0.00365577
11.38 0.00277
11.4 0.00188804
11.42 0.00102421
11.44 0.000182645
11.46 -0.000641224
11.48 -0.0014568
11.5 -0.00227298
11.52 -0.00309354
11.54 -0.0039152
11.56 -0.00472873
11.58 -0.00552174
11.6 -0.00628078
11.62 -0.00699144
11.64 -0.0076364
11.66 -0.00819285
11.68 -0.00863108
11.7 -0.00891543
11.72 -0.00900752
11.74 -0.00887064
11.76 -0.00847415
11.78 -0.00779768
11.8 -0.00683506
11.82 -0.00559845
11.84 -0.00412186
11.86 -0.00246231
11.88 -0.000696664
11.9 0.00108667
11.92 0.00279973
11.94 0.00436714
11.96 0.00573434
11.98 0.00686913
12 0.00775649
12.02 0.00839068
12.04 0.00876934
12.06 0.00889291
12.08 0.00876843
12.1 0.00841399
12.12 0.00786
12.14 0.00714609
12.16 0.00631552
12.18 0.0054105
12.2 0.00447087
12.22 0.00353573
12.24 0.00264533
12.26 0.00184029
12.28 0.00115643
12.3 0.000616183
12.32 0.000220235
12.34 -5.59835e-05
12.36 -0.000258402
12.38 -0.000443931
12.4 -0.000667532
12.42 -0.000971353
12.44 -0.00137898
12.46 -0.00189507
12.48 -0.0025084
12.5 -0.0031956
12.52 -0.00392421
12.54 -0.00465468
12.56 -0.00534245
12.58 -0.00594105
12.6 -0.00640685
12.62 -0.00670436
12.64 -0.00681055
12.66 -0.00671629
12.68 -0.00642439
12.7 -0.00594538
12.72 -0.00529295
12.74 -0.00448119
12.76 -0.00352461
12.78 -0.00244009
12.8 -0.00124961
12.82 1.82912e-05
12.84 0.0013294
12.86 0.00264699
12.88 0.00393602
12.9 0.00516628
12.92 0.00631346
12.94 0.00735802
12.96 0.00828278
12.98 0.00907053
13 0.00970238
13.02 0.0101573
13.04 0.0104129
13.06 0.0104479
13.08 0.0102459
13.1 0.00979895
13.12 0.00911135
13.14 0.00820025
13.16 0.00709416
13.18 0.00582911
13.2 0.00444406
13.22 0.00297683
13.24 0.00146148
13.26 -7.24457e-05
13.28 -0.00159867
13.3 -0.00309185
13.32 -0.00452563
13.34 -0.00587263
13.36 -0.00710676
13.38 -0.00820658
13.4 -0.00915793
13.42 -0.00995437
13.44 -0.0105949
13.46 -0.01108
13.48 -0.0114084
13.5 -0.0115763
13.52 -0.0115793
13.54 -0.011416
13.56 -0.0110909
13.58 -0.0106137
13.6 -0.00999646
13.62 -0.0092486
13.64 -0.00837399
13.66 -0.00737137
13.68 -0.00623828
13.7 -0.00497675
13.72 -0.00359805
13.74 -0.00212486
13.76 -0.000590054
13.78 0.000966832
13.8 0.00250397
13.82 0.00398098
13.84 0.00536135
13.86 0.00661362
13.88 0.00771154
13.9 0.00863378
13.92 0.00936331
13.94 0.00988709
13.96 0.0101963
13.98 0.0102874
14 0.0101638
14.02 0.00983677
14.04 0.0093252
14.06 0.00865335
14.08 0.00784758
14.1 0.00693302
14.12 0.00593131
14.14 0.00485995
14.16 0.0037332
14.18 0.0025638
14.2 0.00136456
14.22 0.000149501
14.24 -0.00106609
14.26 -0.00226607
14.28 -0.00343409
14.3 -0.00455377
14.32 -0.00560822
14.34 -0.00657918
14.36 -0.00744598
14.38 -0.00818511
14.4 -0.00877053
14.42 -0.00917503
14.44 -0.00937244
14.46 -0.00934031
14.48 -0.00906267
14.5 -0.00853242
14.52 -0.00775309
14.54 -0.00673948
14.56 -0.00551731
14.58 -0.00412173
14.6 -0.00259504
14.62 -0.000983943
14.64 0.000663328
14.66 0.00229953
14.68 0.0038804
14.7 0.00536619
14.72 0.00672267
14.74 0.00792161
14.76 0.00894034
14.78 0.00976055
14.8 0.0103667
14.82 0.010745
14.84 0.0108835
14.86 0.010774
14.88 0.0104142
14.9 0.00981026
14.92 0.00897827
14.94 0.00794509
14.96 0.00674732
14.98 0.00542855
15 0.00403528
15.02 0.00261264
15.04 0.00120061
15.06 -0.00016833
15.08 -0.00146987
15.1 -0.00268706
15.12 -0.00380845
15.14 -0.0048258
15.16 -0.00573187
15.18 -0.00651873
15.2 -0.00717717
15.22 -0.00769717
15.24 -0.00806923
15.26 -0.00828596
15.28 -0.00834359
15.3 -0.00824275
15.32 -0.00798838
15.34 -0.00758878
15.36 -0.00705425
15.38 -0.00639569
15.4 -0.00562397
15.42 -0.00475016
15.44 -0.00378675
15.46 -0.002749
15.48 -0.00165542
15.5 -0.000526731
15.52 0.000616623
15.54 0.00175737
15.56 0.00288334
15.58 0.00398726
15.6 0.00506413
15.62 0.00610644
15.64 0.00709896
15.66 0.00801483
15.68 0.0088147
15.7 0.00944959
15.72 0.00986694
15.74 0.0100184
15.76 0.00986774
15.78 0.00939633
15.8 0.00860644
15.82 0.00752126
15.84 0.00618295
15.86 0.00464876
15.88 0.00298581
15.9 0.00126472
15.92 -0.000447002
15.94 -0.00209091
15.96 -0.00362193
15.98 -0.00501012
16 -0.00623957
16.02 -0.00730502
16.04 -0.0082072
16.06 -0.00894829
16.08 -0.00952877
16.1 -0.00994605
16.12 -0.0101948
16.14 -0.0102684
16.16 -0.0101608
16.18 -0.00986927
16.2 -0.00939633
16.22 -0.00875196
16.24 -0.00795443
16.26 -0.00702978
16.28 -0.00600978
16.3 -0.00492875
16.32 -0.0038202
16.34 -0.00271408
16.36 -0.00163507
16.38 -0.000601824
16.4 0.000373141
16.42 0.00128308
16.44 0.00212655
16.46 0.00290666
16.48 0.00362975
16.5 0.00430353
16.52 0.00493504
16.54 0.00552888
16.56 0.00608577
16.58 0.00660142
16.6 0.00706573
16.62 0.00746252
16.64 0.00777011
16.66 0.00796313
16.68 0.00801549
16.7 0.00790394
16.72 0.00761199
16.74 0.0071332
16.76 0.00647333
16.78 0.00565044
16.8 0.00469262
16.82 0.00363402
16.84 0.00251045
16.86 0.00135579
16.88 0.000200394
16.9 -0.000928918
16.92 -0.00200773
16.94 -0.00301294
16.96 -0.00392201
16.98 -0.00471295
17 -0.00536462
17.02 -0.00585759
17.04 -0.00617518
17.06 -0.00630484
17.08 -0.00623953
17.1 -0.00597904
17.12 -0.00553112
17.14 -0.00491216
17.16 -0.00414728
17.18 -0.00326947
17.2 -0.00231793
17.22 -0.0013355
17.24 -0.00036522
17.26 0.000553432
17.28 0.0013883
17.3 0.00211759
17.32 0.00273155
17.34 0.00323251
17.36 0.00363299
17.38 0.00395231
17.4 0.00421242
17.42 0.00443355
17.44 0.00463069
17.46 0.00481109
17.48 0.00497348
17.5 0.00510887
17.52 0.00520289
17.54 0.00523875
17.56 0.00520022
17.58 0.0050739
17.6 0.00485048
17.62 0.00452512
17.64 0.00409723
17.66 0.00356991
17.68 0.00294933
17.7 0.00224432
17.72 0.00146605
17.74 0.000628123
17.76 -0.000253021
17.78 -0.00115739
17.8 -0.00206106
17.82 -0.00293682
17.84 -0.00375603
17.86 -0.00449148
17.88 -0.00512038
17.9 -0.00562652
17.92 -0.00600096
17.94 -0.00624111
17.96 -0.00634881
17.98 -0.00632839
18 -0.00618513
18.02 -0.00592463
18.04 -0.00555295
18.06 -0.00507722
18.08 -0.00450676
18.1 -0.00385425
18.12 -0.00313665
18.14 -0.00237554
18.16 -0.00159643
18.18 -0.000827239
18.2 -9.58929e-05
18.22 0.00057264
18.24 0.00115904
18.26 0.00165135
18.28 0.00204527
18.3 0.00234326
18.32 0.00255282
18.34 0.00268471
18.36 0.00275117
18.38 0.00276444
18.4 0.00273534
18.42 0.00267194
18.44 0.00257857
18.46 0.00245547
18.48 0.00229924
18.5 0.00210424
18.52 0.00186452
18.54 0.00157542
18.56 0.00123447
18.58 0.000841252
18.6 0.000396856
18.62 -9.6588e-05
18.64 -0.000635567
18.66 -0.00121398
18.68 -0.00182146
18.7 -0.00244204
18.72 -0.00305381
18.74 -0.00363015
18.76 -0.0041423
18.78 -0.00456275
18.8 -0.0048684
18.82 -0.00504293
18.84 -0.00507798
18.86 -0.00497303
18.88 -0.0047344
18.9 -0.00437346
18.92 -0.00390458
18.94 -0.00334323
18.96 -0.00270467
18.98 -0.00200356
19 -0.00125425
19.02 -0.000471684
19.04 0.000327797
19.06 0.00112602
19.08 0.00190317
19.1 0.00263869
19.12 0.00331246
19.14 0.00390614
19.16 0.00440439
19.18 0.00479571
19.2 0.00507303
19.22 0.0052339
19.24 0.00528035
19.26 0.00521852
19.28 0.005058
19.3 0.00481094
19.32 0.00449101
19.34 0.00411239
19.36 0.00368882
19.38 0.00323281
19.4 0.00275528
19.42 0.00226544
19.44 0.00177104
19.46 0.00127882
19.48 0.000794973
19.5 0.00032553
19.52 -0.000123536
19.54 -0.000546386
19.56 -0.000937545
19.58 -0.00129213
19.6 -0.001606
19.62 -0.00187577
19.64 -0.0020987
19.66 -0.00227259
19.68 -0.00239569
19.7 -0.00246667
19.72 -0.00248466
19.74 -0.00244937
19.76 -0.0023612
19.78 -0.00222132
19.8 -0.00203169
19.82 -0.001795
19.84 -0.00151463
19.86 -0.00119459
19.88 -0.000839531
19.9 -0.000454924
19.92 -4.72058e-05
19.94 0.000376003
19.96 0.000805765
19.98 0.00123183
20 0.00164279
