0.02 6.44088e-15
0.04 1.188e-13
0.06 -5.4804e-13
0.08 -1.62645e-12
0.1 1.91696e-12
0.12 8.05179e-12
0.14 1.84254e-12
0.16 -1.75004e-11
0.18 -2.16706e-11
0.2 6.31132e-12
0.22 2.08495e-11
0.24 -6.26121e-11
0.26 -2.41173e-10
0.28 -3.04812e-10
0.3 6.56812e-11
0.32 9.54281e-10
0.34 2.01312e-09
0.36 2.89044e-09
0.38 4.20494e-09
0.4 8.07233e-09
0.42 1.6288e-08
0.44 2.42322e-08
0.46 1.04649e-08
0.48 -7.41737e-08
0.5 -3.09804e-07
0.52 -7.9245e-07
0.54 -1.59147e-06
0.56 -2.6765e-06
0.58 -3.8205e-06
0.6 -4.49593e-06
0.62 -3.78717e-06
0.64 -3.422e-07
0.66 7.62134e-06
0.68 2.22534e-05
0.7 4.59628e-05
0.72 8.12802e-05
0.74 0.000130715
0.76 0.00019662
0.78 0.000281074
0.8 0.000385773
0.82 0.000511926
0.84 0.000660137
0.86 0.000830241
0.88 0.00102112
0.9 0.00123045
0.92 0.00145453
0.94 0.00168808
0.96 0.0019243
0.98 0.00215505
1 0.00237133
1.02 0.002564
1.04 0.00272446
1.06 0.0028455
1.08 0.00292179
1.1 0.00295013
1.12 0.00292947
1.14 0.00286058
1.16 0.00274564
1.18 0.00258792
1.2 0.00239152
1.22 0.00216133
1.24 0.00190327
1.26 0.00162442
1.28 0.00133318
1.3 0.0010393
1.32 0.000753505
1.34 0.000487021
1.36 0.000250837
1.38 5.49233e-05
1.4 -9.24895e-05
1.42 -0.000185462
1.44 -0.000220658
1.46 -0.000197413
1.48 -0.00011759
1.5 1.46942e-05
1.52 0.000193392
1.54 0.000410812
1.56 0.00065783
1.58 0.000924005
1.6 0.00119765
1.62 0.00146589
1.64 0.00171487
1.66 0.00193016
1.68 0.00209743
1.7 0.00220341
1.72 0.00223703
1.74 0.00219055
1.76 0.00206051
1.78 0.00184823
1.8 0.00155978
1.82 0.00120537
1.84 0.00079825
1.86 0.000353341
1.88 -0.00011419
1.9 -0.000590151
1.92 -0.00106221
1.94 -0.00152035
1.96 -0.00195701
1.98 -0.00236681
2 -0.00274629
2.02 -0.00309343
2.04 -0.00340743
2.06 -0.00368848
2.08 -0.00393766
2.1 -0.0041569
2.12 -0.00434887
2.14 -0.00451677
2.16 -0.00466389
2.18 -0.00479311
2.2 -0.00490628
2.22 -0.00500373
2.24 -0.00508402
2.26 -0.00514397
2.28 -0.00517922
2.3 -0.00518488
2.32 -0.00515647
2.34 -0.00509068
2.36 -0.00498573
2.38 -0.00484125
2.4 -0.00465755
2.42 -0.00443457
2.44 -0.00417064
2.46 -0.00386163
2.48 -0.00350071
2.5 -0.00307895
2.52 -0.0025867
2.54 -0.0020155
2.56 -0.00136008
2.58 -0.00061994
2.6 0.000199886
2.62 0.0010891
2.64 0.00203336
2.66 0.00301625
2.68 0.00402144
2.7 0.00503478
2.72 0.00604569
2.74 0.00704789
2.76 0.00803917
2.78 0.00902055
2.8 0.0099948
2.82 0.0109646
2.84 0.0119303
2.86 0.012888
2.88 0.0138272
2.9 0.0147291
2.92 0.0155651
2.94 0.0162968
2.96 0.0168767
2.98 0.0172507
3 0.0173615
3.02 0.0171537
3.04 0.0165786
3.06 0.0156
3.08 0.0141987
3.1 0.0123762
3.12 0.010157
3.14 0.00758857
3.16 0.00474035
3.18 0.00169956
3.2 -0.00143372
3.22 -0.00455302
3.24 -0.0075525
3.26 -0.0103336
3.28 -0.0128111
3.3 -0.0149174
3.32 -0.0166047
3.34 -0.0178464
3.36 -0.0186349
3.38 -0.0189786
3.4 -0.0188984
3.42 -0.0184221
3.44 -0.0175799
3.46 -0.0164005
3.48 -0.014908
3.5 -0.0131218
3.52 -0.0110578
3.54 -0.00873356
3.56 -0.0061739
3.58 -0.00341867
3.6 -0.000528966
3.62 0.00240918
3.64 0.00528542
3.66 0.00797096
3.68 0.0103292
3.7 0.0122295
3.72 0.013562
3.74 0.0142496
3.76 0.0142565
3.78 0.0135909
3.8 0.0123025
3.82 0.0104766
3.84 0.00822575
3.86 0.00568142
3.88 0.0029857
3.9 0.000283523
3.92 -0.00228532
3.94 -0.00459484
3.96 -0.00654225
3.98 -0.00805731
4 -0.00910997
4.02 -0.00971468
4.04 -0.00992952
4.06 -0.00984953
4.08 -0.00959457
4.1 -0.00929338
4.12 -0.00906611
4.14 -0.0090083
4.16 -0.00917848
4.18 -0.00959124
4.2 -0.0102163
4.22 -0.0109834
4.24 -0.0117921
4.26 -0.0125241
4.28 -0.0130583
4.3 -0.0132847
4.32 -0.013117
4.34 -0.0125023
4.36 -0.0114262
4.38 -0.00991477
4.4 -0.00803077
4.42 -0.00586706
4.44 -0.00353679
4.46 -0.00116206
4.48 0.00113786
4.5 0.00325743
4.52 0.00511413
4.54 0.00665506
4.56 0.00786038
4.58 0.00874315
4.6 0.00934525
4.62 0.00972994
4.64 0.00997156
4.66 0.0101439
4.68 0.0103091
4.7 0.0105079
4.72 0.0107549
4.74 0.0110373
4.76 0.0113184
4.78 0.0115455
4.8 0.0116594
4.82 0.0116054
4.84 0.0113427
4.86 0.0108515
4.88 0.0101367
4.9 0.00922763
4.92 0.00817321
4.94 0.00703427
4.96 0.00587308
4.98 0.00474238
5 0.00367576
5.02 0.0026815
5.04 0.00174145
5.06 0.000815432
5.08 -0.000149383
5.1 -0.0012062
5.12 -0.00239602
5.14 -0.00373766
5.16 -0.00522244
5.18 -0.00681456
5.2 -0.00845642
5.22 -0.0100771
5.24 -0.011602
5.26 -0.0129601
5.28 -0.0140897
5.3 -0.0149399
5.32 -0.0154701
5.34 -0.0156488
5.36 -0.0154521
5.38 -0.0148643
5.4 -0.0138791
5.42 -0.0125022
5.44 -0.0107533
5.46 -0.00866769
5.48 -0.00629535
5.5 -0.00369927
5.52 -0.000952086
5.54 0.0018676
5.56 0.00467868
5.58 0.00740016
5.6 0.00995313
5.62 0.012262
5.64 0.0142559
5.66 0.0158707
5.68 0.0170515
5.7 0.017757
5.72 0.0179636
5.74 0.017669
5.76 0.0168956
5.78 0.0156896
5.8 0.0141192
5.82 0.0122683
5.84 0.0102292
5.86 0.00809382
5.88 0.00594565
5.9 0.00385447
5.92 0.00187363
5.94 4.09132e-05
5.96 -0.00161804
5.98 -0.00308492
6 -0.0043443
6.02 -0.0053809
6.04 -0.00617963
6.06 -0.00672822
6.08 -0.00702185
6.1 -0.00706821
6.12 -0.00689131
6.14 -0.00653261
6.16 -0.00604852
6.18 -0.00550449
6.2 -0.00496646
6.22 -0.00449137
6.24 -0.0041188
6.26 -0.00386535
6.28 -0.00372315
6.3 -0.00366267
6.32 -0.00363921
6.34 -0.00360166
6.36 -0.00350165
6.38 -0.00330126
6.4 -0.00297802
6.42 -0.00252643
6.44 -0.0019564
6.46 -0.00128941
6.48 -0.000553637
6.5 0.000220759
6.52 0.00100517
6.54 0.00177449
6.56 0.00250754
6.58 0.00318627
6.6 0.00379425
6.62 0.00431517
6.64 0.00473144
6.66 0.00502338
6.68 0.00516893
6.7 0.00514404
6.72 0.00492373
6.74 0.00448389
6.76 0.00380382
6.78 0.0028695
6.8 0.00167709
6.82 0.000236484
6.84 -0.00142599
6.86 -0.00326616
6.88 -0.00522259
6.9 -0.00721922
6.92 -0.00917009
6.94 -0.0109854
6.96 -0.0125782
6.98 -0.0138708
7 -0.0147999
7.02 -0.0153199
7.04 -0.0154051
7.06 -0.0150491
7.08 -0.0142639
7.1 -0.0130783
7.12 -0.011535
7.14 -0.00968902
7.16 -0.00760474
7.18 -0.00535323
7.2 -0.00300933
7.22 -0.000648302
7.24 0.00165771
7.26 0.00384313
7.28 0.00585217
7.3 0.00764142
7.32 0.00918151
7.34 0.0104578
7.36 0.0114698
7.38 0.0122294
7.4 0.0127577
7.42 0.0130818
7.44 0.0132301
7.46 0.0132287
7.48 0.0130977
7.5 0.0128493
7.52 0.012487
7.54 0.012006
7.56 0.0113957
7.58 0.0106429
7.6 0.00973545
7.62 0.0086661
7.64 0.0074357
7.66 0.0060553
7.68 0.00454697
7.7 0.00294325
7.72 0.00128537
7.74 -0.000379131
7.76 -0.00199905
7.78 -0.00352186
7.8 -0.00489544
7.82 -0.0060693
7.84 -0.00699554
7.86 -0.00763012
7.88 -0.00793483
7.9 -0.00788042
7.92 -0.00745043
7.94 -0.00664536
7.96 -0.00548612
7.98 -0.00401568
8 -0.00229819
8.02 -0.000415177
8.04 0.0015407
8.06 0.00347351
8.08 0.00529213
8.1 0.0069172
8.12 0.008286
8.14 0.00935457
8.16 0.0100972
8.18 0.0105036
8.2 0.0105756
8.22 0.0103222
8.24 0.00975671
8.26 0.00889403
8.28 0.00775021
8.3 0.00634329
8.32 0.00469553
8.34 0.00283638
8.36 0.000805244
8.38 -0.00134645
8.4 -0.0035549
8.42 -0.0057455
8.44 -0.00783641
8.46 -0.00974382
8.48 -0.0113881
8.5 -0.0126998
8.52 -0.0136256
8.54 -0.0141313
8.56 -0.0142044
8.58 -0.0138537
8.6 -0.0131079
8.62 -0.0120129
8.64 -0.0106287
8.66 -0.009026
8.68 -0.00728285
8.7 -0.00548136
8.72 -0.00370403
8.74 -0.00202965
8.76 -0.000528689
8.78 0.000741547
8.8 0.00174135
8.82 0.00245197
8.84 0.00287713
8.86 0.00304217
8.88 0.00299077
8.9 0.00277949
8.92 0.00247093
8.94 0.00212648
8.96 0.00179949
8.98 0.00152991
9 0.00134101
9.02 0.00123852
9.04 0.00121214
9.06 0.00123924
9.08 0.00128999
9.1 0.00133307
9.12 0.00134113
9.14 0.00129509
9.16 0.00118663
9.18 0.00101869
9.2 0.0008039
9.22 0.000561656
9.24 0.000314241
9.26 8.29939e-05
9.28 -0.00011488
9.3 -0.000268371
9.32 -0.000373429
9.34 -0.000432556
9.36 -0.000453558
9.38 -0.000447827
9.4 -0.000428502
9.42 -0.000408698
9.44 -0.000399879
9.46 -0.000410372
9.48 -0.000444055
9.5 -0.000499304
9.52 -0.000568404
9.54 -0.000637662
9.56 -0.000688384
9.58 -0.000698794
9.6 -0.000646725
9.62 -0.000512771
9.64 -0.000283452
9.66 4.61224e-05
9.68 0.000470533
9.7 0.000973614
9.72 0.00152946
9.74 0.00210483
9.76 0.00266271
9.78 0.00316661
9.8 0.00358487
9.82 0.00389457
9.84 0.00408409
9.86 0.00415425
9.88 0.00411755
9.9 0.00399587
9.92 0.00381693
9.94 0.00361014
9.96 0.00340248
9.98 0.00321491
10 0.00305993
10.02 0.00294023
10.04 0.00284881
10.06 0.00277021
10.08 0.00268273
10.1 0.00256121
10.12 0.00238005
10.14 0.00211608
10.16 0.00175102
10.18 0.00127327
10.2 0.00067917
10.22 -2.64833e-05
10.24 -0.000830401
10.26 -0.00171126
10.28 -0.00264058
10.3 -0.0035839
10.32 -0.00450239
10.34 -0.00535466
10.36 -0.00609873
10.38 -0.00669421
10.4 -0.00710424
10.42 -0.00729742
10.44 -0.00724934
10.46 -0.00694389
10.48 -0.00637423
10.5 -0.00554338
10.52 -0.00446456
10.54 -0.00316101
10.56 -0.00166544
10.58 -1.89305e-05
10.6 0.00173066
10.62 0.00353078
10.64 0.00532652
10.66 0.00706308
10.68 0.00868809
10.7 0.0101536
10.72 0.0114173
10.74 0.0124437
10.76 0.0132041
10.78 0.0136767
10.8 0.0138465
10.82 0.0137048
10.84 0.0132491
10.86 0.0124836
10.88 0.011419
10.9 0.0100728
10.92 0.00846914
10.94 0.00663899
10.96 0.00461914
10.98 0.00245145
11 0.000181622
11.02 -0.00214232
11.04 -0.0044716
11.06 -0.00675822
11.08 -0.0089564
11.1 -0.0110237
11.12 -0.0129215
11.14 -0.0146159
11.16 -0.0160771
11.18 -0.0172798
11.2 -0.0182025
11.22 -0.0188277
11.24 -0.019142
11.26 -0.0191362
11.28 -0.0188062
11.3 -0.0181544
11.32 -0.01719
11.34 -0.0159304
11.36 -0.0144016
11.38 -0.0126379
11.4 -0.0106813
11.42 -0.00857966
11.44 -0.0063851
11.46 -0.00415172
11.48 -0.00193364
11.5 0.000216826
11.52 0.00225046
11.54 0.00412219
11.56 0.00579189
11.58 0.00722517
11.6 0.00839424
11.62 0.00927899
11.64 0.00986805
11.66 0.0101599
11.68 0.0101633
11.7 0.00989793
11.72 0.00939295
11.74 0.00868591
11.76 0.0078201
11.78 0.00684158
11.8 0.00579586
11.82 0.00472479
11.84 0.00366403
11.86 0.00264132
11.88 0.00167579
11.9 0.00077814
11.92 -4.83055e-05
11.94 -0.000805975
11.96 -0.00150109
11.98 -0.0021415
12 -0.00273459
12.02 -0.00328518
12.04 -0.00379377
12.06 -0.00425502
12.08 -0.00465675
12.1 -0.0049796
12.12 -0.00519753
12.14 -0.00527929
12.16 -0.00519103
12.18 -0.00489982
12.2 -0.00437783
12.22 -0.00360671
12.24 -0.0025814
12.26 -0.00131288
12.28 0.000170761
12.3 0.00182513
12.32 0.00359205
12.34 0.00540345
12.36 0.00718611
12.38 0.0088666
12.4 0.0103759
12.42 0.0116534
12.44 0.0126499
12.46 0.0133297
12.48 0.0136717
12.5 0.0136698
12.52 0.0133325
12.54 0.0126816
12.56 0.0117511
12.58 0.0105854
12.6 0.00923669
12.62 0.00776314
12.64 0.00622509
12.66 0.0046818
12.68 0.00318741
12.7 0.00178709
12.72 0.000513642
12.74 -0.000614818
12.76 -0.00159569
12.78 -0.00244102
12.8 -0.00317492
12.82 -0.00382969
12.84 -0.00444107
12.86 -0.00504332
12.88 -0.0056648
12.9 -0.00632439
12.92 -0.00702946
12.94 -0.00777521
12.96 -0.0085456
12.98 -0.00931543
13 -0.0100534
13.02 -0.0107253
13.04 -0.0112973
13.06 -0.0117388
13.08 -0.0120236
13.1 -0.0121317
13.12 -0.012049
13.14 -0.0117672
13.16 -0.011283
13.18 -0.0105977
13.2 -0.00971598
13.22 -0.00864617
13.24 -0.00739911
13.26 -0.00598808
13.28 -0.00442855
13.3 -0.00273805
13.32 -0.000936344
13.34 0.000954093
13.36 0.00290741
13.38 0.00489346
13.4 0.00687699
13.42 0.00881713
13.44 0.0106674
13.46 0.0123768
13.48 0.0138912
13.5 0.015156
13.52 0.0161195
13.54 0.0167355
13.56 0.0169669
13.58 0.0167879
13.6 0.0161861
13.62 0.0151635
13.64 0.0137368
13.66 0.0119367
13.68 0.00980733
13.7 0.00740408
13.72 0.00479129
13.74 0.00203956
13.76 -0.000777338
13.78 -0.00358559
13.8 -0.00631424
13.82 -0.00889778
13.84 -0.011278
13.86 -0.0134057
13.88 -0.0152409
13.9 -0.0167537
13.92 -0.017924
13.94 -0.0187402
13.96 -0.0191992
13.98 -0.0193042
14 -0.019064
14.02 -0.0184911
14.04 -0.0176012
14.06 -0.0164121
14.08 -0.0149443
14.1 -0.0132214
14.12 -0.011271
14.14 -0.00912553
14.16 -0.00682347
14.18 -0.00440929
14.2 -0.00193314
14.22 0.000550264
14.24 0.00298345
14.26 0.00530839
14.28 0.00746891
14.3 0.00941324
14.32 0.0110963
14.34 0.0124818
14.36 0.0135438
14.38 0.0142678
14.4 0.0146516
14.42 0.0147049
14.44 0.0144481
14.46 0.0139115
14.48 0.0131325
14.5 0.0121533
14.52 0.0110178
14.54 0.00976957
14.56 0.00844888
14.58 0.00709133
14.6 0.00572652
14.62 0.00437764
14.64 0.00306157
14.66 0.00178966
14.68 0.000568859
14.7 -0.000596711
14.72 -0.00170402
14.74 -0.00274934
14.76 -0.00372657
14.78 -0.00462595
14.8 -0.00543318
14.82 -0.00612938
14.84 -0.00669164
14.86 -0.00709444
14.88 -0.00731167
14.9 -0.00731906
14.92 -0.00709681
14.94 -0.00663205
14.96 -0.00592082
14.98 -0.0049694
15 -0.00379472
15.02 -0.00242401
15.04 -0.000893454
15.06 0.000753628
15.08 0.00246915
15.1 0.00420266
15.12 0.00590366
15.14 0.00752352
15.16 0.00901691
15.18 0.0103427
15.2 0.0114646
15.22 0.012351
15.24 0.0129758
15.26 0.0133179
15.28 0.0133622
15.3 0.0131001
15.32 0.0125299
15.34 0.0116581
15.36 0.0104992
15.38 0.00907591
15.4 0.00741866
15.42 0.00556419
15.44 0.00355432
15.46 0.00143413
15.48 -0.000749679
15.5 -0.00295025
15.52 -0.00512174
15.54 -0.00722007
15.56 -0.00920349
15.58 -0.0110329
15.6 -0.0126722
15.62 -0.0140889
15.64 -0.0152547
15.66 -0.0161463
15.68 -0.0167466
15.7 -0.017045
15.72 -0.0170383
15.74 -0.016731
15.76 -0.0161346
15.78 -0.0152676
15.8 -0.0141544
15.82 -0.0128239
15.84 -0.011309
15.86 -0.00964424
15.88 -0.00786523
15.9 -0.00600654
15.92 -0.00410053
15.94 -0.00217626
15.96 -0.000258914
15.98 0.00163011
16 0.00347224
16.02 0.00525013
16.04 0.00694559
16.06 0.00853743
16.08 0.00999984
16.1 0.0113016
16.12 0.0124063
16.14 0.0132746
16.16 0.0138666
16.18 0.0141461
16.2 0.0140847
16.22 0.0136654
16.24 0.0128858
16.26 0.0117601
16.28 0.0103184
16.3 0.008606
16.32 0.00668015
16.34 0.004606
16.36 0.00245241
16.38 0.000287556
16.4 -0.00182474
16.42 -0.00382781
16.44 -0.00567382
16.46 -0.00732434
16.48 -0.0087501
16.5 -0.00993011
16.52 -0.0108505
16.54 -0.0115035
16.56 -0.0118867
16.58 -0.0120025
16.6 -0.0118579
16.62 -0.0114653
16.64 -0.0108416
16.66 -0.0100094
16.68 -0.00899566
16.7 -0.00783185
16.72 -0.00655249
16.74 -0.00519396
16.76 -0.00379299
16.78 -0.00238512
16.8 -0.0010032
16.82 0.000323874
16.84 0.00157215
16.86 0.00272332
16.88 0.00376506
16.9 0.00469098
16.92 0.00550023
16.94 0.00619673
16.96 0.00678801
16.98 0.0072838
17 0.00769448
17.02 0.00802944
17.04 0.00829568
17.06 0.00849682
17.08 0.0086326
17.1 0.00869901
17.12 0.008689
17.14 0.0085937
17.16 0.00840378
17.18 0.00811092
17.2 0.00770902
17.22 0.00719515
17.24 0.0065701
17.26 0.00583856
17.28 0.00500913
17.3 0.00409413
17.32 0.00310938
17.34 0.00207395
17.36 0.00100994
17.38 -5.78643e-05
17.4 -0.00110238
17.42 -0.00209492
17.44 -0.00300607
17.46 -0.00380689
17.48 -0.00447035
17.5 -0.00497292
17.52 -0.00529626
17.54 -0.0054287
17.56 -0.00536653
17.58 -0.00511474
17.6 -0.0046871
17.62 -0.0041055
17.64 -0.00339862
17.66 -0.00259981
17.68 -0.00174459
17.7 -0.000867889
17.72 -1.53754e-06
17.74 0.000827876
17.76 0.00160033
17.78 0.00230281
17.8 0.00292884
17.82 0.00347715
17.84 0.00394991
17.86 0.00435062
17.88 0.00468223
17.9 0.00494556
17.92 0.00513844
17.94 0.00525543
17.96 0.00528823
17.98 0.00522659
18 0.00505949
18.02 0.00477643
18.04 0.00436871
18.06 0.0038305
18.08 0.00315964
18.1 0.00235839
18.12 0.00143379
18.14 0.000398027
18.16 -0.000731534
18.18 -0.00193246
18.2 -0.00317776
18.22 -0.00443673
18.24 -0.0056762
18.26 -0.00686211
18.28 -0.00796132
18.3 -0.0089433
18.32 -0.00978177
18.34 -0.0104558
18.36 -0.0109503
18.38 -0.0112564
18.4 -0.0113708
18.42 -0.0112951
18.44 -0.011035
18.46 -0.0105998
18.48 -0.0100012
18.5 -0.0092539
18.52 -0.00837472
18.54 -0.00738326
18.56 -0.00630174
18.58 -0.00515487
18.6 -0.00396946
18.62 -0.00277369
18.64 -0.001596
18.66 -0.000463871
18.68 0.00059753
18.7 0.00156658
18.72 0.00242617
18.74 0.00316434
18.76 0.00377443
18.78 0.00425488
18.8 0.00460856
18.82 0.00484188
18.84 0.00496384
18.86 0.0049849
18.88 0.00491618
18.9 0.00476865
18.92 0.00455258
18.94 0.00427718
18.96 0.00395038
18.98 0.00357877
19 0.00316773
19.02 0.00272172
19.04 0.00224479
19.06 0.0017413
19.08 0.0012167
19.1 0.000678346
19.12 0.000136155
19.14 -0.000397057
19.16 -0.000905659
19.18 -0.00137175
19.2 -0.00177617
19.22 -0.00209976
19.24 -0.00232481
19.26 -0.0024364
19.28 -0.00242353
19.3 -0.00227982
19.32 -0.00200381
19.34 -0.00159893
19.36 -0.00107311
19.38 -0.00043821
19.4 0.000290596
19.42 0.00109542
19.44 0.00195621
19.46 0.00285129
19.48 0.00375779
19.5 0.00465215
19.52 0.00551066
19.54 0.00631012
19.56 0.00702846
19.58 0.00764551
19.6 0.00814371
19.62 0.00850876
19.64 0.00873012
19.66 0.00880139
19.68 0.00872045
19.7 0.00848938
19.72 0.00811419
19.74 0.00760443
19.76 0.00697258
19.78 0.00623354
19.8 0.00540398
19.82 0.00450181
19.84 0.00354573
19.86 0.00255482
19.88 0.00154818
19.9 0.000544644
19.92 -0.000437603
19.94 -0.00138133
19.96 -0.00227067
19.98 -0.00309151
20 -0.00383185
