0.02 3.04627e-12
0.04 6.09919e-11
0.06 -1.59506e-10
0.08 -9.48394e-10
0.1 -7.18658e-10
0.12 1.7096e-09
0.14 2.42175e-09
0.16 -6.06738e-09
0.18 -3.24356e-08
0.2 -9.6395e-08
0.22 -2.51783e-07
0.24 -6.04417e-07
0.26 -1.28605e-06
0.28 -2.3462e-06
0.3 -3.57044e-06
0.32 -4.2915e-06
0.34 -3.27172e-06
0.36 1.27317e-06
0.38 1.14677e-05
0.4 2.94373e-05
0.42 5.6966e-05
0.44 9.52753e-05
0.46 0.000144987
0.48 0.000206252
0.5 0.000278969
0.52 0.000362949
0.54 0.000457942
0.56 0.000563469
0.58 0.000678539
0.6 0.00080136
0.62 0.000929117
0.64 0.00105785
0.66 0.00118244
0.68 0.0012967
0.7 0.0013938
0.72 0.00146705
0.74 0.00151098
0.76 0.0015226
0.78 0.0015022
0.8 0.00145343
0.82 0.0013823
0.84 0.00129548
0.86 0.0011984
0.88 0.00109402
0.9 0.000982742
0.92 0.000863604
0.94 0.000736149
0.96 0.000602219
0.98 0.00046688
1 0.000338162
1.02 0.000225806
1.04 0.000139481
1.06 8.70803e-05
1.08 7.36001e-05
1.1 0.000100798
1.12 0.000167511
1.14 0.00027041
1.16 0.000404917
1.18 0.000565991
1.2 0.000748617
1.22 0.000947962
1.24 0.0011593
1.26 0.00137765
1.28 0.00159721
1.3 0.00181074
1.32 0.00200919
1.34 0.00218192
1.36 0.00231731
1.38 0.00240378
1.4 0.0024311
1.42 0.00239183
1.44 0.00228275
1.46 0.00210604
1.48 0.00186966
1.5 0.00158665
1.52 0.00127314
1.54 0.000945625
1.56 0.000618138
1.58 0.00030032
1.6 -3.02216e-06
1.62 -0.000290892
1.64 -0.000564175
1.66 -0.000823613
1.68 -0.00106844
1.7 -0.00129604
1.72 -0.00150254
1.74 -0.00168391
1.76 -0.00183695
1.78 -0.00196
1.8 -0.00205314
1.82 -0.00211805
1.84 -0.00215779
1.86 -0.00217643
1.88 -0.00217833
1.9 -0.00216728
1.92 -0.00214543
1.94 -0.00211273
1.96 -0.00206717
1.98 -0.002006
2 -0.00192752
2.02 -0.00183278
2.04 -0.00172667
2.06 -0.00161766
2.08 -0.0015164
2.1 -0.00143305
2.12 -0.00137426
2.14 -0.00134037
2.16 -0.0013238
2.18 -0.00130919
2.2 -0.00127565
2.22 -0.00120088
2.24 -0.00106648
2.26 -0.000862697
2.28 -0.000591129
2.3 -0.000264257
2.32 9.81226e-05
2.34 0.000474263
2.36 0.000845928
2.38 0.00120235
2.4 0.00154177
2.42 0.00187042
2.44 0.00219962
2.46 0.00254211
2.48 0.00290862
2.5 0.00330547
2.52 0.00373371
2.54 0.00418937
2.56 0.00466434
2.58 0.00514674
2.6 0.00562029
2.62 0.00606277
2.64 0.00644444
2.66 0.00672776
2.68 0.00686959
2.7 0.00682584
2.72 0.00655825
2.74 0.00604135
2.76 0.00526817
2.78 0.00425303
2.8 0.00303094
2.82 0.00165426
2.84 0.000187741
2.86 -0.0012964
2.88 -0.00272317
2.9 -0.00401948
2.92 -0.00511974
2.94 -0.00597221
2.96 -0.00654465
2.98 -0.00682735
3 -0.00683231
3.02 -0.00658862
3.04 -0.00613557
3.06 -0.00551532
3.08 -0.00476705
3.1 -0.00392296
3.12 -0.00300597
3.14 -0.00202847
3.16 -0.000991802
3.18 0.000112973
3.2 0.00130261
3.22 0.00259686
3.24 0.00401107
3.26 0.00554687
3.28 0.00718222
3.3 0.00886289
3.32 0.0104979
3.34 0.011962
3.36 0.0131076
3.38 0.0137852
3.4 0.0138705
3.42 0.0132901
3.44 0.0120404
3.46 0.0101908
3.48 0.00787078
3.5 0.0052437
3.52 0.00247583
3.54 -0.000288774
3.56 -0.00293936
3.58 -0.00539396
3.6 -0.0075848
3.62 -0.0094441
3.64 -0.0109002
3.66 -0.0118879
3.68 -0.0123699
3.7 -0.0123585
3.72 -0.0119278
3.74 -0.0112076
3.76 -0.0103622
3.78 -0.00955679
3.8 -0.00892465
3.82 -0.00854207
3.84 -0.00841692
3.86 -0.00849223
3.88 -0.00866209
3.9 -0.00879525
3.92 -0.00876059
3.94 -0.00844934
3.96 -0.00779056
3.98 -0.00675838
4 -0.00537198
4.02 -0.00369083
4.04 -0.00180756
4.06 0.000160309
4.08 0.00208038
4.1 0.00381771
4.12 0.00524905
4.14 0.00627708
4.16 0.00684163
4.18 0.00692584
4.2 0.00655623
4.22 0.00579769
4.24 0.00474559
4.26 0.00351706
4.28 0.00224209
4.3 0.00105373
4.32 7.6082e-05
4.34 -0.000590157
4.36 -0.000883228
4.38 -0.000793388
4.4 -0.000369147
4.42 0.000286876
4.44 0.00103338
4.46 0.00171469
4.48 0.00218857
4.5 0.00235121
4.52 0.00215333
4.54 0.00160473
4.56 0.000767602
4.58 -0.00025752
4.6 -0.00134869
4.62 -0.00237877
4.64 -0.00322976
4.66 -0.00380616
4.68 -0.00404759
4.7 -0.00394003
4.72 -0.00352245
4.74 -0.0028851
4.76 -0.00215691
4.78 -0.00148207
4.8 -0.000990264
4.82 -0.000768136
4.84 -0.000840777
4.86 -0.00116942
4.88 -0.0016663
4.9 -0.00222147
4.92 -0.00273218
4.94 -0.00312505
4.96 -0.00336442
4.98 -0.00344606
5 -0.00338096
5.02 -0.00317732
5.04 -0.0028289
5.06 -0.00231449
5.08 -0.00160825
5.1 -0.000695771
5.12 0.000411304
5.14 0.00166868
5.16 0.00300398
5.18 0.00433096
5.2 0.00556798
5.22 0.00665395
5.24 0.00755627
5.26 0.00826936
5.28 0.00880537
5.3 0.00918146
5.32 0.00940805
5.34 0.00948128
5.36 0.00938128
5.38 0.00907618
5.4 0.00853056
5.42 0.00771645
5.44 0.00662464
5.46 0.00527355
5.48 0.00371283
5.5 0.00201997
5.52 0.000289721
5.54 -0.00138149
5.56 -0.00291201
5.58 -0.00424781
5.6 -0.00536778
5.62 -0.00628001
5.64 -0.00701006
5.66 -0.00758493
5.68 -0.00801801
5.7 -0.00829992
5.72 -0.00839846
5.74 -0.00826766
5.76 -0.00786334
5.78 -0.00716018
5.8 -0.00616531
5.82 -0.00492423
5.84 -0.0035173
5.86 -0.00204742
5.88 -0.000622031
5.9 0.000665898
5.92 0.00175341
5.94 0.00261583
5.96 0.00326623
5.98 0.00374671
6 0.00411408
6.02 0.00442358
6.04 0.00471448
6.06 0.00500086
6.08 0.00526983
6.1 0.00548749
6.12 0.00561079
6.14 0.00560165
6.16 0.0054389
6.18 0.0051245
6.2 0.00468264
6.22 0.00415249
6.24 0.00357765
6.26 0.00299577
6.28 0.0024318
6.3 0.00189627
6.32 0.00138841
6.34 0.000901607
6.36 0.000428684
6.38 -3.54706e-05
6.4 -0.000494574
6.42 -0.000954084
6.44 -0.00142475
6.46 -0.00192438
6.48 -0.00247632
6.5 -0.00310455
6.52 -0.00382631
6.54 -0.00464443
6.56 -0.00554155
6.58 -0.00647822
6.6 -0.00739577
6.62 -0.00822363
6.64 -0.00888952
6.66 -0.00933044
6.68 -0.00950169
6.7 -0.00938211
6.72 -0.00897447
6.74 -0.00830142
6.76 -0.00739863
6.78 -0.00630762
6.8 -0.00507067
6.82 -0.00372874
6.84 -0.00232219
6.86 -0.000892633
6.88 0.000516209
6.9 0.00185962
6.92 0.00309516
6.94 0.00418693
6.96 0.00510916
6.98 0.00584788
7 0.00640033
7.02 0.00677245
7.04 0.0069758
7.06 0.00702478
7.08 0.00693483
7.1 0.00672119
7.12 0.00639792
7.14 0.00597645
7.16 0.00546404
7.18 0.00486284
7.2 0.00417035
7.22 0.00338189
7.24 0.00249455
7.26 0.00151146
7.28 0.000445118
7.3 -0.000681299
7.32 -0.00183459
7.34 -0.00297369
7.36 -0.00405258
7.38 -0.00502337
7.4 -0.00583972
7.42 -0.00646056
7.44 -0.0068539
7.46 -0.00700009
7.48 -0.00689335
7.5 -0.00654076
7.52 -0.00595882
7.54 -0.00516841
7.56 -0.00418983
7.58 -0.00304011
7.6 -0.0017337
7.62 -0.000287036
7.64 0.00127469
7.66 0.00291109
7.68 0.00456347
7.7 0.00615738
7.72 0.00761084
7.74 0.00884691
7.76 0.00980678
7.78 0.0104596
7.8 0.0108056
7.82 0.0108721
7.84 0.0107028
7.86 0.0103446
7.88 0.00983613
7.9 0.0092005
7.92 0.00844441
7.94 0.00756191
7.96 0.00654103
7.98 0.00537055
8 0.00404568
8.02 0.00257199
8.04 0.000968316
8.06 -0.000731254
8.08 -0.00247642
8.1 -0.00420159
8.12 -0.0058296
8.14 -0.00727846
8.16 -0.00847023
8.18 -0.00934014
8.2 -0.009844
8.22 -0.00996197
8.24 -0.00969855
8.26 -0.00907926
8.28 -0.00814569
8.3 -0.00695063
8.32 -0.00555414
8.34 -0.00402107
8.36 -0.00241965
8.38 -0.000820401
8.4 0.000705365
8.42 0.00208811
8.44 0.00326409
8.46 0.0041806
8.48 0.00480203
8.5 0.00511538
8.52 0.00513362
8.54 0.00489527
8.56 0.00445916
8.58 0.00389485
8.6 0.00327056
8.62 0.00264164
8.64 0.00204274
8.66 0.00148542
8.68 0.000961407
8.7 0.000449565
8.72 -7.59233e-05
8.74 -0.000638342
8.76 -0.00125326
8.78 -0.0019252
8.8 -0.00264546
8.82 -0.00339081
8.84 -0.0041237
8.86 -0.0047951
8.88 -0.00535058
8.9 -0.00573884
8.92 -0.00592057
8.94 -0.00587512
8.96 -0.00560355
8.98 -0.00512768
9 -0.00448606
9.02 -0.0037283
9.04 -0.00290897
9.06 -0.00208192
9.08 -0.00129581
9.1 -0.000591106
9.12 1.30616e-06
9.14 0.000460488
9.16 0.000775502
9.18 0.00094588
9.2 0.000982762
9.22 0.000910138
9.24 0.000764783
9.26 0.00059349
9.28 0.000447146
9.3 0.000372629
9.32 0.000404504
9.34 0.000558667
9.36 0.000829635
9.38 0.00119205
9.4 0.00160573
9.42 0.00202267
9.44 0.00239425
9.46 0.00267773
9.48 0.00284144
9.5 0.00286882
9.52 0.00276087
9.54 0.00253653
9.56 0.00223042
9.58 0.00188758
9.6 0.00155597
9.62 0.00127812
9.64 0.00108388
9.66 0.00098611
9.68 0.000980329
9.7 0.00104772
9.72 0.00116007
9.74 0.0012848
9.76 0.001389
9.78 0.00144223
9.8 0.00141862
9.82 0.00129909
9.84 0.0010737
9.86 0.000743507
9.88 0.000320927
9.9 -0.000171763
9.92 -0.000705546
9.94 -0.0012483
9.96 -0.00176786
9.98 -0.00223391
10 -0.00261893
10.02 -0.002899
10.04 -0.00305499
10.06 -0.00307428
10.08 -0.00295207
10.1 -0.0026918
10.12 -0.00230423
10.14 -0.00180526
10.16 -0.00121321
10.18 -0.000546256
10.2 0.000179152
10.22 0.000948556
10.24 0.00174847
10.26 0.00256473
10.28 0.00338097
10.3 0.00417814
10.32 0.00493499
10.34 0.00562953
10.36 0.00624062
10.38 0.00674939
10.4 0.00713993
10.42 0.00739928
10.44 0.00751697
10.46 0.00748436
10.48 0.0072941
10.5 0.00694003
10.52 0.00641768
10.54 0.00572535
10.56 0.00486587
10.58 0.00384835
10.6 0.00268958
10.62 0.0014145
10.64 5.5359e-05
10.66 -0.00135014
10.68 -0.00276142
10.7 -0.00413762
10.72 -0.0054396
10.74 -0.00663136
10.76 -0.00768091
10.78 -0.00856107
10.8 -0.00925032
10.82 -0.00973363
10.84 -0.0100027
10.86 -0.0100552
10.88 -0.00989372
10.9 -0.00952443
10.92 -0.00895608
10.94 -0.00820021
10.96 -0.00727169
10.98 -0.00618954
11 -0.00497744
11.02 -0.00366387
11.04 -0.002282
11.06 -0.000869208
11.08 0.000533587
11.1 0.00188343
11.12 0.00313763
11.14 0.00425676
11.16 0.0052076
11.18 0.00596516
11.2 0.00651315
11.22 0.00684291
11.24 0.00695135
11.26 0.00683892
11.28 0.00650867
11.3 0.00596654
11.32 0.00522308
11.34 0.00429546
11.36 0.00320918
11.38 0.00199842
11.4 0.000704852
11.42 -0.0006249
11.44 -0.00194259
11.46 -0.00320196
11.48 -0.00436206
11.5 -0.0053901
11.52 -0.0062634
11.54 -0.00697021
11.56 -0.00750911
11.58 -0.00788682
11.6 -0.00811503
11.62 -0.00820701
11.64 -0.00817516
11.66 -0.00802995
11.68 -0.00778029
11.7 -0.00743449
11.72 -0.0070009
11.74 -0.0064876
11.76 -0.00590107
11.78 -0.00524457
11.8 -0.00451693
11.82 -0.00371269
11.84 -0.00282353
11.86 -0.00184093
11.88 -0.000759598
11.9 0.000418918
11.92 0.00168274
11.94 0.003007
11.96 0.00435287
11.98 0.00566903
12 0.00689619
12.02 0.0079742
12.04 0.0088503
12.06 0.00948627
12.08 0.0098624
12.1 0.00997724
12.12 0.0098439
12.14 0.00948488
12.16 0.00892759
12.18 0.0082019
12.2 0.00733952
12.22 0.00637411
12.24 0.00534083
12.26 0.00427485
12.28 0.00320938
12.3 0.00217416
12.32 0.00119505
12.34 0.000294712
12.36 -0.00050686
12.38 -0.00119297
12.4 -0.00175254
12.42 -0.0021834
12.44 -0.00249469
12.46 -0.00270672
12.48 -0.00284759
12.5 -0.00294714
12.52 -0.00303032
12.54 -0.00311214
12.56 -0.0031957
12.58 -0.00327338
12.6 -0.00333037
12.62 -0.00334879
12.64 -0.00331142
12.66 -0.00320423
12.68 -0.00301817
12.7 -0.00275032
12.72 -0.00240505
12.74 -0.00199447
12.76 -0.00153792
12.78 -0.00105989
12.8 -0.000586468
12.82 -0.000141167
12.84 0.000258795
12.86 0.000604602
12.88 0.000895956
12.9 0.00113948
12.92 0.00134637
12.94 0.00153032
12.96 0.00170631
12.98 0.00189021
13 0.00209839
13.02 0.00234681
13.04 0.0026489
13.06 0.0030125
13.08 0.00343658
13.1 0.00390845
13.12 0.00440256
13.14 0.00488126
13.16 0.00529784
13.18 0.00560141
13.2 0.00574292
13.22 0.00568119
13.24 0.00538792
13.26 0.00485067
13.28 0.00407359
13.3 0.00307599
13.32 0.00188942
13.34 0.0005541
13.36 -0.000884479
13.38 -0.00237806
13.4 -0.00387736
13.42 -0.00533335
13.44 -0.0066988
13.46 -0.00793037
13.48 -0.00899115
13.5 -0.00985308
13.52 -0.0104983
13.54 -0.0109188
13.56 -0.0111145
13.58 -0.0110907
13.6 -0.0108553
13.62 -0.0104176
13.64 -0.00978842
13.66 -0.00898055
13.68 -0.00800937
13.7 -0.0068924
13.72 -0.00564807
13.74 -0.0042945
13.76 -0.00284912
13.78 -0.00132986
13.8 0.000242371
13.82 0.0018408
13.84 0.00343075
13.86 0.00496951
13.88 0.00640829
13.9 0.00769596
13.92 0.00878348
13.94 0.00962822
13.96 0.0101972
13.98 0.0104694
14 0.010436
14.02 0.0101007
14.04 0.00947863
14.06 0.00859535
14.08 0.00748554
14.1 0.00619188
14.12 0.00476351
14.14 0.00325388
14.16 0.00171797
14.18 0.000208854
14.2 -0.00122578
14.22 -0.00254667
14.24 -0.00372494
14.26 -0.00474262
14.28 -0.00559179
14.3 -0.00627277
14.32 -0.0067917
14.34 -0.00715823
14.36 -0.00738359
14.38 -0.00747904
14.4 -0.00745484
14.42 -0.00731937
14.44 -0.00707848
14.46 -0.00673509
14.48 -0.00628903
14.5 -0.00573751
14.52 -0.00507614
14.54 -0.00430049
14.56 -0.00340817
14.58 -0.00240092
14.6 -0.00128654
14.62 -8.02075e-05
14.64 0.00119506
14.66 0.002509
14.68 0.00382567
14.7 0.0051059
14.72 0.00631028
14.74 0.00740216
14.76 0.00835037
14.78 0.0091312
14.8 0.00972951
14.82 0.0101388
14.84 0.0103607
14.86 0.0104025
14.88 0.010276
14.9 0.00999371
14.92 0.00956754
14.94 0.00900682
14.96 0.00831808
14.98 0.00750587
15 0.00657436
15.02 0.00552957
15.04 0.00438131
15.06 0.00314457
15.08 0.00183982
15.1 0.000492375
15.12 -0.000869168
15.14 -0.00221475
15.16 -0.00351457
15.18 -0.00474036
15.2 -0.00586599
15.22 -0.00686755
15.24 -0.00772309
15.26 -0.00841248
15.28 -0.00891743
15.3 -0.00922221
15.32 -0.00931478
15.34 -0.00918835
15.36 -0.00884298
15.38 -0.00828669
15.4 -0.00753593
15.42 -0.00661497
15.44 -0.00555439
15.46 -0.00438882
15.48 -0.00315442
15.5 -0.00188675
15.52 -0.000619199
15.54 0.00061754
15.56 0.00179553
15.58 0.00288945
15.6 0.00387691
15.62 0.00473943
15.64 0.00546388
15.66 0.0060438
15.68 0.0064799
15.7 0.00677894
15.72 0.00695101
15.74 0.00700565
15.76 0.0069479
15.78 0.00677544
15.8 0.00647791
15.82 0.00603878
15.84 0.00543943
15.86 0.00466437
15.88 0.00370655
15.9 0.00257136
15.92 0.00127888
15.94 -0.000136187
15.96 -0.00162647
15.98 -0.00313569
16 -0.00460352
16.02 -0.00597099
16.04 -0.00718572
16.06 -0.00820631
16.08 -0.00900503
16.1 -0.00956868
16.12 -0.00989736
16.14 -0.0100017
16.16 -0.00989905
16.18 -0.00961029
16.2 -0.00915637
16.22 -0.00855669
16.24 -0.00782806
16.26 -0.00698479
16.28 -0.00603944
16.3 -0.00500397
16.32 -0.00389121
16.34 -0.00271619
16.36 -0.00149717
16.38 -0.000256068
16.4 0.000981721
16.42 0.00218812
16.44 0.00333353
16.46 0.00438811
16.48 0.00532321
16.5 0.00611276
16.52 0.00673477
16.54 0.0071729
16.56 0.00741795
16.58 0.007469
16.6 0.00733397
16.62 0.00702943
16.64 0.00657951
16.66 0.00601403
16.68 0.00536584
16.7 0.0046679
16.72 0.00395021
16.74 0.00323735
16.76 0.00254682
16.78 0.00188865
16.8 0.0012663
16.82 0.000678705
16.84 0.000122881
16.86 -0.000403368
16.88 -0.000899539
16.9 -0.00136172
16.92 -0.00178321
16.94 -0.00215603
16.96 -0.00247282
16.98 -0.0027282
17 -0.00291943
17.02 -0.0030461
17.04 -0.00310931
17.06 -0.00311057
17.08 -0.00305091
17.1 -0.00293045
17.12 -0.0027483
17.14 -0.00250297
17.16 -0.00219297
17.18 -0.00181756
17.2 -0.00137757
17.22 -0.000876211
17.24 -0.000319698
17.26 0.000282235
17.28 0.000916191
17.3 0.00156538
17.32 0.00221038
17.34 0.00283044
17.36 0.00340517
17.38 0.00391648
17.4 0.00435044
17.42 0.00469873
17.44 0.00495925
17.46 0.00513589
17.48 0.00523718
17.5 0.00527427
17.52 0.00525838
17.54 0.00519843
17.56 0.00509913
17.58 0.00496001
17.6 0.00477562
17.62 0.00453682
17.64 0.00423276
17.66 0.00385328
17.68 0.00339105
17.7 0.0028432
17.72 0.0022121
17.74 0.00150545
17.76 0.000735797
17.78 -8.04084e-05
17.8 -0.000923787
17.82 -0.00177305
17.84 -0.00260582
17.86 -0.0033993
17.88 -0.00413082
17.9 -0.00477844
17.92 -0.0053219
17.94 -0.00574399
17.96 -0.00603224
17.98 -0.00618053
18 -0.00619022
18.02 -0.00607018
18.04 -0.00583564
18.06 -0.0055059
18.08 -0.00510154
18.1 -0.00464169
18.12 -0.00414195
18.14 -0.00361339
18.16 -0.00306275
18.18 -0.00249366
18.2 -0.00190857
18.22 -0.00131086
18.24 -0.000706734
18.26 -0.000106418
18.28 0.000475589
18.3 0.0010213
18.32 0.00151092
18.34 0.00192498
18.36 0.0022465
18.38 0.00246268
18.4 0.00256592
18.42 0.00255407
18.44 0.00243012
18.46 0.00220162
18.48 0.00187982
18.5 0.00147877
18.52 0.00101438
18.54 0.000503436
18.56 -3.73614e-05
18.58 -0.000592066
18.6 -0.00114592
18.62 -0.00168553
18.64 -0.00219885
18.66 -0.00267536
18.68 -0.00310636
18.7 -0.00348537
18.72 -0.00380844
18.74 -0.004074
18.76 -0.00428206
18.78 -0.00443287
18.8 -0.00452546
18.82 -0.00455636
18.84 -0.00451932
18.86 -0.0044059
18.88 -0.00420715
18.9 -0.00391575
18.92 -0.00352808
18.94 -0.00304578
18.96 -0.00247642
18.98 -0.00183307
19 -0.00113311
19.02 -0.000396391
19.04 0.000356779
19.06 0.00110734
19.08 0.00183871
19.1 0.00253725
19.12 0.00319211
19.14 0.0037946
19.16 0.00433743
19.18 0.00481401
19.2 0.00521811
19.22 0.00554387
19.24 0.00578607
19.26 0.00594052
19.28 0.00600451
19.3 0.00597701
19.32 0.00585884
19.34 0.00565264
19.36 0.00536279
19.38 0.00499531
19.4 0.00455776
19.42 0.00405917
19.44 0.00350993
19.46 0.00292168
19.48 0.00230715
19.5 0.00167987
19.52 0.001054
19.54 0.000443949
19.56 -0.000135904
19.58 -0.000671605
19.6 -0.00115007
19.62 -0.00155959
19.64 -0.00189043
19.66 -0.00213531
19.68 -0.00228992
19.7 -0.00235316
19.72 -0.00232718
19.74 -0.00221718
19.76 -0.00203106
19.78 -0.00177884
19.8 -0.00147216
19.82 -0.00112365
19.84 -0.000746451
19.86 -0.000353752
19.88 4.1613e-05
19.9 0.000427539
19.92 0.000792997
19.94 0.00112835
19.96 0.00142559
19.98 0.00167854
20 0.00188282
