0.02 -1.50865e-11
0.04 -3.05783e-10
0.06 7.35859e-10
0.08 5.44368e-09
0.1 7.05459e-09
0.12 -8.45483e-09
0.14 -5.3865e-08
0.16 -1.64915e-07
0.18 -4.46912e-07
0.2 -1.08254e-06
0.22 -2.24021e-06
0.24 -3.85579e-06
0.26 -5.3492e-06
0.28 -5.43168e-06
0.3 -2.12589e-06
0.32 6.99371e-06
0.34 2.43723e-05
0.36 5.19778e-05
0.38 9.09786e-05
0.4 0.000141732
0.42 0.000204014
0.44 0.000277346
0.46 0.00036128
0.48 0.000455482
0.5 0.000559558
0.52 0.000672689
0.54 0.000793231
0.56 0.00091845
0.58 0.00104442
0.6 0.00116597
0.62 0.0012768
0.64 0.00136965
0.66 0.00143715
0.68 0.00147311
0.7 0.00147412
0.72 0.00144084
0.74 0.00137825
0.76 0.00129454
0.78 0.00119877
0.8 0.00109818
0.82 0.000996268
0.84 0.000892549
0.86 0.000784056
0.88 0.000668018
0.9 0.000544443
0.92 0.000417495
0.94 0.000295202
0.96 0.000187803
0.98 0.000105515
1 5.64819e-05
1.02 4.53765e-05
1.04 7.29744e-05
1.06 0.000136625
1.08 0.000231209
1.1 0.000350264
1.12 0.000487122
1.14 0.000635822
1.16 0.000791548
1.18 0.000950668
1.2 0.00111055
1.22 0.00126904
1.24 0.00142348
1.26 0.00156967
1.28 0.00170143
1.3 0.00181082
1.32 0.00188892
1.34 0.00192671
1.36 0.00191635
1.38 0.00185281
1.4 0.00173571
1.42 0.00157068
1.44 0.00136932
1.46 0.00114734
1.48 0.000921238
1.5 0.000704478
1.52 0.000504535
1.54 0.000321947
1.56 0.000151662
1.58 -1.41786e-05
1.6 -0.000183186
1.62 -0.000360405
1.64 -0.000547327
1.66 -0.000742164
1.68 -0.000940935
1.7 -0.0011387
1.72 -0.00133052
1.74 -0.00151212
1.76 -0.00168023
1.78 -0.00183295
1.8 -0.00196993
1.82 -0.00209203
1.84 -0.00220026
1.86 -0.00229401
1.88 -0.0023696
1.9 -0.00241993
1.92 -0.00243592
1.94 -0.00240903
1.96 -0.00233417
1.98 -0.0022118
2 -0.00204864
2.02 -0.00185676
2.04 -0.00165114
2.06 -0.00144609
2.08 -0.00125148
2.1 -0.00106965
2.12 -0.0008942
2.14 -0.000711131
2.16 -0.000502506
2.18 -0.000252195
2.2 4.80581e-05
2.22 0.000394535
2.24 0.000771382
2.26 0.00115475
2.28 0.00151964
2.3 0.00184685
2.32 0.00212764
2.34 0.00236541
2.36 0.00257421
2.38 0.00277481
2.4 0.0029897
2.42 0.00323827
2.44 0.00353317
2.46 0.00387858
2.48 0.00427028
2.5 0.00469704
2.52 0.00514203
2.54 0.00558331
2.56 0.00599299
2.58 0.00633584
2.6 0.00656929
2.62 0.0066462
2.64 0.00652041
2.66 0.00615429
2.68 0.00552623
2.7 0.00463573
2.72 0.00350499
2.74 0.00217646
2.76 0.000707481
2.78 -0.000835928
2.8 -0.00238407
2.82 -0.00386646
2.84 -0.00521393
2.86 -0.00636205
2.88 -0.00725713
2.9 -0.00786364
2.92 -0.00816951
2.94 -0.0081864
2.96 -0.0079448
2.98 -0.00748631
3 -0.00685571
3.02 -0.00609499
3.04 -0.00523979
3.06 -0.00431754
3.08 -0.00334591
3.1 -0.0023311
3.12 -0.00126701
3.14 -0.000136503
3.16 0.00108443
3.18 0.00241985
3.2 0.00388438
3.22 0.00547244
3.24 0.0071482
3.26 0.00883862
3.28 0.0104327
3.3 0.0117906
3.32 0.0127645
3.34 0.0132269
3.36 0.0131014
3.38 0.0123841
3.4 0.011148
3.42 0.00952671
3.44 0.00768028
3.46 0.0057558
3.48 0.00385676
3.5 0.002033
3.52 0.000294194
3.54 -0.00136065
3.56 -0.00291341
3.58 -0.00431274
3.6 -0.00548371
3.62 -0.00635675
3.64 -0.00690178
3.66 -0.00715135
3.68 -0.00720179
3.7 -0.00719207
3.72 -0.00726886
3.74 -0.0075507
3.76 -0.00810112
3.78 -0.00891637
3.8 -0.00992818
3.82 -0.0110184
3.84 -0.0120408
3.86 -0.0128456
3.88 -0.0133003
3.9 -0.0133044
3.92 -0.0127969
3.94 -0.0117575
3.96 -0.0102054
3.98 -0.00819847
4 -0.0058328
4.02 -0.00324059
4.04 -0.000581361
4.06 0.0019747
4.08 0.00426798
4.1 0.00616917
4.12 0.00759217
4.14 0.00849796
4.16 0.00889058
4.18 0.00880909
4.2 0.00831962
4.22 0.00751007
4.24 0.00648625
4.26 0.00536638
4.28 0.00427113
4.3 0.00330904
4.32 0.00255985
4.34 0.0020604
4.36 0.00179837
4.38 0.0017171
4.4 0.00173055
4.42 0.00174454
4.44 0.00167793
4.46 0.00147791
4.48 0.0011259
4.5 0.000633826
4.52 3.47469e-05
4.54 -0.000627134
4.56 -0.00130339
4.58 -0.00194509
4.6 -0.00250657
4.62 -0.00295241
4.64 -0.00326775
4.66 -0.00346809
4.68 -0.00360259
4.7 -0.00374656
4.72 -0.00398214
4.74 -0.00437139
4.76 -0.00493009
4.78 -0.00561266
4.8 -0.00631627
4.82 -0.00690565
4.84 -0.00725134
4.86 -0.00726805
4.88 -0.00693939
4.9 -0.00631979
4.92 -0.0055136
4.94 -0.00463911
4.96 -0.00379046
4.98 -0.00301053
5 -0.00228352
5.02 -0.00154833
5.04 -0.000726146
5.06 0.000248682
5.08 0.00140534
5.1 0.00272781
5.12 0.00416133
5.14 0.00562924
5.16 0.00705177
5.18 0.00835955
5.2 0.00949859
5.22 0.0104282
5.24 0.0111166
5.26 0.0115373
5.28 0.0116692
5.3 0.0114983
5.32 0.0110213
5.34 0.0102487
5.36 0.00920723
5.38 0.0079411
5.4 0.00651122
5.42 0.00499247
5.44 0.00346715
5.46 0.00201467
5.48 0.000698987
5.5 -0.000442685
5.52 -0.00140643
5.54 -0.00222062
5.56 -0.00293677
5.58 -0.00361393
5.6 -0.00430014
5.62 -0.00501608
5.64 -0.00574578
5.66 -0.00643767
5.68 -0.00701644
5.7 -0.00740238
5.72 -0.00753297
5.74 -0.00738062
5.76 -0.00696206
5.78 -0.0063366
5.8 -0.00559351
5.82 -0.0048316
5.84 -0.00413609
5.86 -0.00355859
5.88 -0.00310543
5.9 -0.00273704
5.92 -0.0023786
5.94 -0.00193912
5.96 -0.00133464
5.98 -0.000510022
6 0.000545054
6.02 0.00179009
6.04 0.00313964
6.06 0.00448013
6.08 0.00569349
6.1 0.00668064
6.12 0.00737867
6.14 0.00776765
6.16 0.00786672
6.18 0.00772221
6.2 0.00739207
6.22 0.00693123
6.24 0.00638166
6.26 0.00576851
6.28 0.00510154
6.3 0.00437949
6.32 0.00359494
6.34 0.00273812
6.36 0.00179951
6.38 0.00077189
6.4 -0.000347231
6.42 -0.00155238
6.44 -0.00282672
6.46 -0.00413954
6.48 -0.00544578
6.5 -0.00668822
6.52 -0.00780286
6.54 -0.0087266
6.56 -0.00940617
6.58 -0.00980611
6.6 -0.00991403
6.62 -0.00974186
6.64 -0.00932234
6.66 -0.00870147
6.68 -0.00792868
6.7 -0.00704712
6.72 -0.00608717
6.74 -0.00506517
6.76 -0.00398786
6.78 -0.00286054
6.8 -0.00169543
6.82 -0.00051667
6.84 0.000640145
6.86 0.00173323
6.88 0.00272245
6.9 0.00357669
6.92 0.00427849
6.94 0.00482498
6.96 0.005226
6.98 0.00550061
7 0.00567356
7.02 0.00577229
7.04 0.00582423
7.06 0.00585336
7.08 0.00587587
7.1 0.00589517
7.12 0.00589804
7.14 0.00585405
7.16 0.00571934
7.18 0.00544443
7.2 0.00498409
7.22 0.00430661
7.24 0.00340034
7.26 0.00227641
7.28 0.000968144
7.3 -0.000471949
7.32 -0.00197679
7.34 -0.00347067
7.36 -0.00487645
7.38 -0.00612323
7.4 -0.00715327
7.42 -0.007926
7.44 -0.00841801
7.46 -0.00861897
7.48 -0.00852534
7.5 -0.00813442
7.52 -0.00744141
7.54 -0.00644135
7.56 -0.00513619
7.58 -0.00354518
7.6 -0.00171475
7.62 0.000276397
7.64 0.00232034
7.66 0.00429187
7.68 0.00606705
7.7 0.00754381
7.72 0.00865867
7.74 0.00939468
7.76 0.00977839
7.78 0.00986695
7.8 0.00972999
7.82 0.00943183
7.84 0.00901916
7.86 0.00851626
7.88 0.00792724
7.9 0.0072423
7.92 0.00644508
7.94 0.0055192
7.96 0.00445371
7.98 0.00324814
8 0.00191735
8.02 0.00049545
8.04 -0.000963185
8.06 -0.00238743
8.08 -0.00369801
8.1 -0.00481965
8.12 -0.00569379
8.14 -0.00628797
8.16 -0.00659925
8.18 -0.00665091
8.2 -0.00648369
8.22 -0.0061447
8.24 -0.00567735
8.26 -0.00511482
8.28 -0.00447836
8.3 -0.00377989
8.32 -0.00302784
8.34 -0.00223405
8.36 -0.00141949
8.38 -0.0006166
8.4 0.000132919
8.42 0.000784933
8.44 0.00130279
8.46 0.00166751
8.48 0.00188471
8.5 0.00198522
8.52 0.0020184
8.54 0.00203976
8.56 0.00209671
8.58 0.00221672
8.6 0.00240154
8.62 0.00262826
8.64 0.00285559
8.66 0.00303229
8.68 0.00310521
8.7 0.00302589
8.72 0.0027563
8.74 0.00227461
8.76 0.00158094
8.78 0.000701623
8.8 -0.000310813
8.82 -0.00138384
8.84 -0.00243672
8.86 -0.00339437
8.88 -0.00419889
8.9 -0.00481547
8.92 -0.00523233
8.94 -0.00545638
8.96 -0.005507
8.98 -0.0054094
9 -0.00518898
9.02 -0.00486742
9.04 -0.0044613
9.06 -0.00398379
9.08 -0.0034484
9.1 -0.0028728
9.12 -0.00228033
9.14 -0.00169809
9.16 -0.00115172
9.18 -0.000658947
9.2 -0.000225077
9.22 0.000157202
9.24 0.000503539
9.26 0.000831414
9.28 0.00115409
9.3 0.0014768
9.32 0.00179576
9.34 0.00209979
9.36 0.00237329
9.38 0.002599
9.4 0.00275997
9.42 0.00284135
9.44 0.00283298
9.46 0.00273281
9.48 0.0025501
9.5 0.00230655
9.52 0.00203416
9.54 0.00176975
9.56 0.0015474
9.58 0.00139111
9.6 0.00131009
9.62 0.00129805
9.64 0.00133658
9.66 0.0014007
9.68 0.0014641
9.7 0.00150242
9.72 0.00149458
9.74 0.00142323
9.76 0.00127551
9.78 0.00104446
9.8 0.000730715
9.82 0.000342768
9.84 -0.00010485
9.86 -0.000594741
9.88 -0.00110936
9.9 -0.00163185
9.92 -0.0021446
9.94 -0.00262674
9.96 -0.0030523
9.98 -0.00339074
10 -0.00361029
10.02 -0.0036824
10.04 -0.00358584
10.06 -0.00330919
10.08 -0.00285174
10.1 -0.00222324
10.12 -0.00144278
10.14 -0.000537228
10.16 0.000460266
10.18 0.00151179
10.2 0.00257611
10.22 0.00361059
10.24 0.00457389
10.26 0.00542954
10.28 0.00614937
10.3 0.00671582
10.32 0.00712255
10.34 0.00737315
10.36 0.00747829
10.38 0.00745209
10.4 0.00730849
10.42 0.00705818
10.44 0.00670686
10.46 0.00625483
10.48 0.00569811
10.5 0.00503104
10.52 0.00424962
10.54 0.00335471
10.56 0.00235409
10.58 0.00126279
10.6 0.000101819
10.62 -0.00110403
10.64 -0.00232845
10.66 -0.00354519
10.68 -0.0047287
10.7 -0.00585416
10.72 -0.00689756
10.74 -0.00783633
10.76 -0.00865041
10.78 -0.0093228
10.8 -0.00983913
10.82 -0.0101861
10.84 -0.0103498
10.86 -0.0103158
10.88 -0.0100705
10.9 -0.00960398
10.92 -0.00891285
10.94 -0.00800267
10.96 -0.00688898
10.98 -0.0055977
11 -0.00416475
11.02 -0.00263501
11.04 -0.00106013
11.06 0.000505169
11.08 0.00200809
11.1 0.00340268
11.12 0.00465312
11.14 0.00573431
11.16 0.00662984
11.18 0.00732827
11.2 0.00781968
11.22 0.00809384
11.24 0.00814076
11.26 0.00795337
11.28 0.00753128
11.3 0.00688408
11.32 0.00603327
11.34 0.00501185
11.36 0.0038621
11.38 0.00263181
11.4 0.00137009
11.42 0.000122967
11.44 -0.00107059
11.46 -0.002182
11.48 -0.00319504
11.5 -0.00410577
11.52 -0.00492013
11.54 -0.00564942
11.56 -0.00630501
11.58 -0.00689406
11.6 -0.00741742
11.62 -0.00787001
11.64 -0.00824269
11.66 -0.00852411
11.68 -0.00870161
11.7 -0.00876097
11.72 -0.00868561
11.74 -0.00845642
11.76 -0.00805282
11.78 -0.00745502
11.8 -0.00664705
11.82 -0.00561996
11.84 -0.00437502
11.86 -0.00292683
11.88 -0.0013062
11.9 0.000438128
11.92 0.00224016
11.94 0.00402102
11.96 0.005697
11.98 0.00718988
12 0.00843673
12.02 0.0093961
12.04 0.0100488
12.06 0.0103941
12.08 0.0104434
12.1 0.010216
12.12 0.00973688
12.14 0.00903769
12.16 0.00815752
12.18 0.00714226
12.2 0.00604146
12.22 0.0049042
12.24 0.00377561
12.26 0.00269552
12.28 0.001699
12.3 0.000816873
12.32 7.45379e-05
12.34 -0.000512061
12.36 -0.00094208
12.38 -0.00123426
12.4 -0.00142721
12.42 -0.0015741
12.44 -0.00173259
12.46 -0.00195322
12.48 -0.00226955
12.5 -0.00269277
12.52 -0.00321129
12.54 -0.00379418
12.56 -0.00439683
12.58 -0.00496703
12.6 -0.00545087
12.62 -0.0057982
12.64 -0.00596804
12.66 -0.00593339
12.68 -0.00568481
12.7 -0.00523143
12.72 -0.00459863
12.74 -0.00382284
12.76 -0.00294469
12.78 -0.00200272
12.8 -0.00102929
12.82 -4.95764e-05
12.84 0.000916916
12.86 0.00185367
12.88 0.002745
12.9 0.0035756
12.92 0.0043318
12.94 0.00500368
12.96 0.00558675
12.98 0.00608216
13 0.00649538
13.02 0.00683354
13.04 0.0071023
13.06 0.00730291
13.08 0.00743019
13.1 0.00747199
13.12 0.00741033
13.14 0.00722423
13.16 0.00689337
13.18 0.00640188
13.2 0.00574094
13.22 0.00491
13.24 0.00391655
13.26 0.00277493
13.28 0.00150497
13.3 0.00013098
13.32 -0.00131845
13.34 -0.00281004
13.36 -0.00430558
13.38 -0.00576277
13.4 -0.00713777
13.42 -0.00838917
13.44 -0.00948223
13.46 -0.0103919
13.48 -0.0111035
13.5 -0.011611
13.52 -0.0119136
13.54 -0.0120133
13.56 -0.0119129
13.58 -0.0116173
13.6 -0.0111343
13.62 -0.0104761
13.64 -0.00965771
13.66 -0.00869457
13.68 -0.00759925
13.7 -0.00637979
13.72 -0.00504066
13.74 -0.00358632
13.76 -0.00202624
13.78 -0.000379186
13.8 0.00132448
13.82 0.0030434
13.84 0.00472813
13.86 0.0063255
13.88 0.00778306
13.9 0.00905286
13.92 0.0100943
13.94 0.0108756
13.96 0.0113747
13.98 0.0115793
14 0.0114868
14.02 0.0111041
14.04 0.0104482
14.06 0.00954625
14.08 0.00843469
14.1 0.00715756
14.12 0.00576334
14.14 0.00430094
14.16 0.00281593
14.18 0.00134757
14.2 -7.26116e-05
14.22 -0.00142083
14.24 -0.00267991
14.26 -0.00383786
14.28 -0.0048865
14.3 -0.00582049
14.32 -0.00663679
14.34 -0.00733393
14.36 -0.00791117
14.38 -0.00836701
14.4 -0.00869767
14.42 -0.00889567
14.44 -0.00894915
14.46 -0.00884235
14.48 -0.00855728
14.5 -0.00807649
14.52 -0.00738648
14.54 -0.00648115
14.56 -0.00536465
14.58 -0.00405315
14.6 -0.00257522
14.62 -0.000970617
14.64 0.00071218
14.66 0.0024194
14.68 0.00409582
14.7 0.00568852
14.72 0.00714998
14.74 0.00844047
14.76 0.00952949
14.78 0.0103964
14.8 0.0110299
14.82 0.0114266
14.84 0.0115891
14.86 0.0115235
14.88 0.0112377
14.9 0.0107411
14.92 0.0100444
14.94 0.00916154
14.96 0.00811058
14.98 0.00691529
15 0.00560521
15.02 0.00421458
15.04 0.00278008
15.06 0.00133765
15.08 -8.04878e-05
15.1 -0.00144821
15.12 -0.00274635
15.14 -0.003962
15.16 -0.0050866
15.18 -0.00611318
15.2 -0.00703358
15.22 -0.00783631
15.24 -0.0085057
15.26 -0.00902253
15.28 -0.0093661
15.3 -0.0095173
15.32 -0.00946185
15.34 -0.00919313
15.36 -0.0087138
15.38 -0.00803598
15.4 -0.00718001
15.42 -0.00617221
15.44 -0.00504226
15.46 -0.00382101
15.48 -0.00253904
15.5 -0.00122614
15.52 8.8942e-05
15.54 0.00137891
15.56 0.00261899
15.58 0.00378854
15.6 0.00487238
15.62 0.00586126
15.64 0.00675054
15.66 0.00753716
15.68 0.00821539
15.7 0.00877276
15.72 0.00918765
15.74 0.00942953
15.76 0.00946243
15.78 0.00925072
15.8 0.00876605
15.82 0.00799373
15.84 0.00693703
15.86 0.00561881
15.88 0.00408059
15.9 0.0023792
15.92 0.000581942
15.94 -0.00123939
15.96 -0.00301475
15.98 -0.00468172
16 -0.00619015
16.02 -0.00750488
16.04 -0.00860611
16.06 -0.00948737
16.08 -0.0101517
16.1 -0.0106073
16.12 -0.0108634
16.14 -0.0109275
16.16 -0.010805
16.18 -0.0104991
16.2 -0.0100132
16.22 -0.009353
16.24 -0.0085286
16.26 -0.00755652
16.28 -0.00646029
16.3 -0.00526985
16.32 -0.00401958
16.34 -0.00274514
16.36 -0.00148
16.38 -0.000252537
16.4 0.000915738
16.42 0.00201036
16.44 0.00302275
16.46 0.00394826
16.48 0.00478406
16.5 0.00552742
16.52 0.00617464
16.54 0.00672064
16.56 0.00715922
16.58 0.00748388
16.6 0.00768895
16.62 0.00777063
16.64 0.00772755
16.66 0.00756087
16.68 0.00727373
16.7 0.00687069
16.72 0.00635722
16.74 0.00573973
16.76 0.00502612
16.78 0.00422685
16.8 0.00335602
16.82 0.00243198
16.84 0.00147697
16.86 0.000515541
16.88 -0.000427688
16.9 -0.00133028
16.92 -0.00217343
16.94 -0.00294216
16.96 -0.00362459
16.98 -0.00421057
17 -0.00469051
17.02 -0.00505474
17.04 -0.00529347
17.06 -0.00539744
17.08 -0.00535893
17.1 -0.00517302
17.12 -0.0048388
17.14 -0.00436051
17.16 -0.0037484
17.18 -0.0030192
17.2 -0.00219613
17.22 -0.00130821
17.24 -0.000388912
17.26 0.000525964
17.28 0.00140104
17.3 0.00220447
17.32 0.0029111
17.34 0.00350501
17.36 0.00398115
17.38 0.00434542
17.4 0.00461304
17.42 0.0048055
17.44 0.0049464
17.46 0.00505711
17.48 0.0051529
17.5 0.00524032
17.52 0.00531623
17.54 0.00536873
17.56 0.00537957
17.58 0.00532768
17.6 0.00519283
17.62 0.00495874
17.64 0.00461506
17.66 0.0041581
17.68 0.00359044
17.7 0.00291978
17.72 0.0021577
17.74 0.00131846
17.76 0.000418284
17.78 -0.000524869
17.8 -0.00149096
17.82 -0.00245726
17.84 -0.00339778
17.86 -0.00428344
17.88 -0.00508331
17.9 -0.00576709
17.92 -0.00630836
17.94 -0.00668779
17.96 -0.0068955
17.98 -0.00693183
18 -0.00680645
18.02 -0.00653613
18.04 -0.00614195
18.06 -0.00564641
18.08 -0.00507118
18.1 -0.00443564
18.12 -0.00375632
18.14 -0.00304732
18.16 -0.00232123
18.18 -0.00159043
18.2 -0.000868157
18.22 -0.000169121
18.24 0.000490678
18.26 0.00109497
18.28 0.00162881
18.3 0.00208018
18.32 0.00244121
18.34 0.00270857
18.36 0.00288318
18.38 0.00296934
18.4 0.00297364
18.42 0.00290382
18.44 0.00276775
18.46 0.0025724
18.48 0.00232315
18.5 0.00202336
18.52 0.00167458
18.54 0.00127741
18.56 0.000832955
18.58 0.000344246
18.6 -0.000182726
18.62 -0.000738921
18.64 -0.00131303
18.66 -0.00189278
18.68 -0.00246607
18.7 -0.00302154
18.72 -0.00354817
18.74 -0.00403434
18.76 -0.00446674
18.78 -0.00482989
18.8 -0.00510662
18.82 -0.00527955
18.84 -0.00533318
18.86 -0.00525609
18.88 -0.00504269
18.9 -0.00469411
18.92 -0.00421826
18.94 -0.00362894
18.96 -0.00294432
18.98 -0.00218513
19 -0.0013729
19.02 -0.000528621
19.04 0.000327925
19.06 0.00117832
19.08 0.00200519
19.1 0.00279184
19.12 0.00352207
19.14 0.00418036
19.16 0.00475247
19.18 0.0052262
19.2 0.00559221
19.22 0.00584463
19.24 0.00598145
19.26 0.00600454
19.28 0.00591937
19.3 0.00573451
19.32 0.00546092
19.34 0.00511107
19.36 0.00469803
19.38 0.00423454
19.4 0.00373226
19.42 0.00320127
19.44 0.00264998
19.46 0.0020854
19.48 0.00151379
19.5 0.00094153
19.52 0.000375907
19.54 -0.000174271
19.56 -0.000698571
19.58 -0.00118533
19.6 -0.00162247
19.62 -0.00199861
19.64 -0.00230414
19.66 -0.00253209
19.68 -0.00267859
19.7 -0.00274294
19.72 -0.00272731
19.74 -0.0026362
19.76 -0.00247578
19.78 -0.00225335
19.8 -0.00197684
19.82 -0.00165451
19.84 -0.00129477
19.86 -0.000906139
19.88 -0.000497171
19.9 -7.64834e-05
19.92 0.000347279
19.94 0.000765461
19.96 0.00116942
19.98 0.00155057
20 0.00190042
