0.02 1.61225e-13
0.04 3.10492e-12
0.06 -1.1024e-11
0.08 -4.6285e-11
0.1 1.881e-12
0.12 1.4685e-10
0.14 1.19841e-10
0.16 -2.16483e-10
0.18 -4.94475e-10
0.2 -4.43666e-10
0.22 -1.16989e-09
0.24 -5.92168e-09
0.26 -1.95098e-08
0.28 -4.75748e-08
0.3 -9.95761e-08
0.32 -1.97698e-07
0.34 -3.85311e-07
0.36 -7.20401e-07
0.38 -1.23744e-06
0.4 -1.86656e-06
0.42 -2.31569e-06
0.44 -1.94638e-06
0.46 3.09228e-07
0.48 5.94583e-06
0.5 1.67772e-05
0.52 3.47409e-05
0.54 6.16669e-05
0.56 9.90787e-05
0.58 0.00014808
0.6 0.000209344
0.62 0.000283174
0.64 0.000369566
0.66 0.000468219
0.68 0.000578449
0.7 0.000699024
0.72 0.000827956
0.74 0.000962307
0.76 0.00109806
0.78 0.00123014
0.8 0.00135257
0.82 0.00145898
0.84 0.00154324
0.86 0.00160036
0.88 0.00162737
0.9 0.0016239
0.92 0.00159234
0.94 0.00153734
0.96 0.00146485
0.98 0.00138087
1 0.00129052
1.02 0.00119761
1.04 0.00110484
1.06 0.00101462
1.08 0.000929979
1.1 0.000855186
1.12 0.000795802
1.14 0.00075801
1.16 0.000747499
1.18 0.000768227
1.2 0.000821484
1.22 0.000905537
1.24 0.00101592
1.26 0.00114624
1.28 0.00128914
1.3 0.00143726
1.32 0.00158388
1.34 0.00172311
1.36 0.00184982
1.38 0.00195932
1.4 0.0020469
1.42 0.00210764
1.44 0.00213628
1.46 0.00212748
1.48 0.00207623
1.5 0.00197845
1.52 0.00183174
1.54 0.00163613
1.56 0.00139482
1.58 0.00111467
1.6 0.00080625
1.62 0.000483223
1.64 0.000161035
1.66 -0.000144913
1.68 -0.000421228
1.7 -0.00065816
1.72 -0.000850487
1.74 -0.000997498
1.76 -0.0011022
1.78 -0.0011701
1.8 -0.00120803
1.82 -0.00122332
1.84 -0.00122346
1.86 -0.00121619
1.88 -0.00120959
1.9 -0.00121214
1.92 -0.00123234
1.94 -0.00127813
1.96 -0.00135603
1.98 -0.0014703
2 -0.00162213
2.02 -0.0018091
2.04 -0.00202501
2.06 -0.0022603
2.08 -0.00250286
2.1 -0.0027395
2.12 -0.00295759
2.14 -0.00314674
2.16 -0.00330006
2.18 -0.00341461
2.2 -0.00349099
2.22 -0.00353199
2.24 -0.00354062
2.26 -0.00351806
2.28 -0.00346208
2.3 -0.00336649
2.32 -0.00322199
2.34 -0.00301839
2.36 -0.00274751
2.38 -0.00240613
2.4 -0.00199774
2.42 -0.00153273
2.44 -0.0010266
2.46 -0.000496849
2.48 4.05545e-05
2.5 0.000574256
2.52 0.00109914
2.54 0.0016163
2.56 0.00213152
2.58 0.00265291
2.6 0.00318849
2.62 0.00374441
2.64 0.00432407
2.66 0.00492796
2.68 0.00555369
2.7 0.00619562
2.72 0.00684366
2.74 0.00748152
2.76 0.00808487
2.78 0.00862056
2.8 0.00904774
2.82 0.00932123
2.84 0.00939693
2.86 0.00923831
2.88 0.00882252
2.9 0.00814486
2.92 0.00722085
2.94 0.00608565
2.96 0.00479162
2.98 0.00340436
3 0.00199803
3.02 0.000649913
3.04 -0.000565548
3.06 -0.0015831
3.08 -0.00235275
3.1 -0.00284462
3.12 -0.0030518
3.14 -0.0029904
3.16 -0.00269696
3.18 -0.00222364
3.2 -0.0016319
3.22 -0.000985764
3.24 -0.000345238
3.26 0.000239509
3.28 0.000732777
3.3 0.00111634
3.32 0.00139035
3.34 0.00157168
3.36 0.00168939
3.38 0.00177735
3.4 0.00186484
3.42 0.00196666
3.44 0.00207513
3.46 0.00215647
3.48 0.00215365
3.5 0.00199631
3.52 0.00161613
3.54 0.000964293
3.56 2.59238e-05
3.58 -0.00117267
3.6 -0.00256654
3.62 -0.00406341
3.64 -0.00555984
3.66 -0.0069565
3.68 -0.00816754
3.7 -0.00912226
3.72 -0.00976081
3.74 -0.0100291
3.76 -0.00987842
3.78 -0.00927294
3.8 -0.00820435
3.82 -0.00670858
3.84 -0.00487742
3.86 -0.00285899
3.88 -0.000844107
3.9 0.000959488
3.92 0.00235903
3.94 0.0032071
3.96 0.00342321
3.98 0.00300248
4 0.00201092
4.02 0.000570501
4.04 -0.00116123
4.06 -0.00301171
4.08 -0.00481073
4.1 -0.00640332
4.12 -0.00765892
4.14 -0.00847863
4.16 -0.00880162
4.18 -0.00861071
4.2 -0.00793557
4.22 -0.00685172
4.24 -0.00547381
4.26 -0.00394318
4.28 -0.00241137
4.3 -0.00102219
4.32 0.000104511
4.34 0.000885468
4.36 0.00128158
4.38 0.00130046
4.4 0.000994186
4.42 0.000452606
4.44 -0.000207473
4.46 -0.000856782
4.48 -0.00137057
4.5 -0.00164594
4.52 -0.00161666
4.54 -0.00126229
4.56 -0.000609539
4.58 0.000274641
4.6 0.00129667
4.62 0.00235331
4.64 0.00334801
4.66 0.00420359
4.68 0.00486933
4.7 0.00532291
4.72 0.00556825
4.74 0.00563094
4.76 0.00555218
4.78 0.00538141
4.8 0.00516777
4.82 0.00495074
4.84 0.0047514
4.86 0.0045667
4.88 0.00436925
4.9 0.00411386
4.92 0.00375014
4.94 0.00323777
4.96 0.00255969
4.98 0.00172883
5 0.000785963
5.02 -0.000210537
5.04 -0.00119898
5.06 -0.00212742
5.08 -0.00296064
5.1 -0.00367903
5.12 -0.00427073
5.14 -0.00472141
5.16 -0.00500692
5.18 -0.00509301
5.2 -0.00494304
5.22 -0.00453117
5.24 -0.00385594
5.26 -0.00294875
5.28 -0.0018734
5.3 -0.000716511
5.32 0.00042832
5.34 0.00147725
5.36 0.00236877
5.38 0.00306882
5.4 0.00356788
5.42 0.0038725
5.44 0.00399515
5.46 0.00394607
5.48 0.00372986
5.5 0.00334729
5.52 0.00280109
5.54 0.00210343
5.56 0.00128226
5.58 0.000384472
5.6 -0.000525675
5.62 -0.00137262
5.64 -0.0020792
5.66 -0.00257794
5.68 -0.00282149
5.7 -0.00278992
5.72 -0.002493
5.74 -0.00196701
5.76 -0.00126654
5.78 -0.000453588
5.8 0.000413504
5.82 0.00128825
5.84 0.00213937
5.86 0.00294879
5.88 0.00370521
5.9 0.00439583
5.92 0.00499913
5.94 0.00548139
5.96 0.00579846
5.98 0.00590268
6 0.00575319
6.02 0.0053269
6.04 0.00462709
6.06 0.00368725
6.08 0.00256909
6.1 0.00135506
6.12 0.000136926
6.14 -0.000996966
6.16 -0.00197323
6.18 -0.00274141
6.2 -0.00327714
6.22 -0.0035802
6.24 -0.00366879
6.26 -0.00357183
6.28 -0.00332171
6.3 -0.00294934
6.32 -0.00248247
6.34 -0.00194701
6.36 -0.00136993
6.38 -0.000781991
6.4 -0.000218529
6.42 0.000282481
6.44 0.000684689
6.46 0.000958583
6.48 0.00108577
6.5 0.00106074
6.52 0.000889521
6.54 0.000585705
6.56 0.00016537
6.58 -0.000357183
6.6 -0.000971313
6.62 -0.00166887
6.64 -0.00244037
6.66 -0.00327006
6.68 -0.00413154
6.7 -0.0049859
6.72 -0.00578316
6.74 -0.0064671
6.76 -0.00698237
6.78 -0.00728231
6.8 -0.00733551
6.82 -0.00712971
6.84 -0.0066725
6.86 -0.00598881
6.88 -0.00511665
6.9 -0.00410237
6.92 -0.00299679
6.94 -0.00185278
6.96 -0.000724159
6.98 0.000335123
7 0.00127252
7.02 0.00203984
7.04 0.00259765
7.06 0.00292018
7.08 0.00299956
7.1 0.0028479
7.12 0.0024968
7.14 0.00199401
7.16 0.00139831
7.18 0.000773455
7.2 0.000182403
7.22 -0.000317742
7.24 -0.000679824
7.26 -0.00086991
7.28 -0.000869774
7.3 -0.00067844
7.32 -0.000312377
7.34 0.000196005
7.36 0.000801684
7.38 0.00145187
7.4 0.00209171
7.42 0.00266998
7.44 0.00314409
7.46 0.00348369
7.48 0.00367279
7.5 0.00371024
7.52 0.00360869
7.54 0.00339228
7.56 0.00309341
7.58 0.00274924
7.6 0.00239838
7.62 0.0020784
7.64 0.00182431
7.66 0.00166785
7.68 0.00163701
7.7 0.00175486
7.72 0.00203713
7.74 0.00248843
7.76 0.00309774
7.78 0.00383482
7.8 0.00464901
7.82 0.00547201
7.84 0.00622501
7.86 0.00682906
7.88 0.00721683
7.9 0.00734261
7.92 0.00718826
7.94 0.00676365
7.96 0.00610183
7.98 0.00525068
8 0.0042637
8.02 0.00319228
8.04 0.00208111
8.06 0.000966791
8.08 -0.000121181
8.1 -0.0011585
8.12 -0.00212444
8.14 -0.003001
8.16 -0.00377265
8.18 -0.00442624
8.2 -0.00495036
8.22 -0.00533456
8.24 -0.00556858
8.26 -0.00564244
8.28 -0.00554769
8.3 -0.0052799
8.32 -0.00484144
8.34 -0.00424393
8.36 -0.0035093
8.38 -0.00266917
8.4 -0.00176284
8.42 -0.000834432
8.44 6.98859e-05
8.46 0.000904056
8.48 0.00162346
8.5 0.00218571
8.52 0.00255161
8.54 0.00268686
8.56 0.00256506
8.58 0.00217202
8.6 0.00151054
8.62 0.000604788
8.64 -0.000497467
8.66 -0.00172587
8.68 -0.00299248
8.7 -0.0042005
8.72 -0.00525529
8.74 -0.00607561
8.76 -0.00660291
8.78 -0.00680693
8.8 -0.00668701
8.82 -0.00626947
8.84 -0.00560242
8.86 -0.00474921
8.88 -0.00378169
8.9 -0.0027737
8.92 -0.00179492
8.94 -0.000905324
8.96 -0.000150411
8.98 0.000441914
9 0.000862342
9.02 0.00111872
9.04 0.00123247
9.06 0.00123371
9.08 0.00115607
9.1 0.00103215
9.12 0.000890311
9.14 0.000752931
9.16 0.000635841
9.18 0.000548515
9.2 0.000494474
9.22 0.000471649
9.24 0.000472725
9.26 0.00048584
9.28 0.000496109
9.3 0.000488285
9.32 0.000450364
9.34 0.000377386
9.36 0.000274278
9.38 0.000156637
9.4 4.88165e-05
9.42 -2.05067e-05
9.44 -2.42984e-05
9.46 5.68626e-05
9.48 0.000230324
9.5 0.000489416
9.52 0.000814265
9.54 0.00117488
9.56 0.00153562
9.58 0.00186012
9.6 0.00211598
9.62 0.00227871
9.64 0.00233475
9.66 0.00228321
9.68 0.00213621
9.7 0.00191737
9.72 0.00165865
9.74 0.0013958
9.76 0.00116337
9.78 0.000990081
9.8 0.000895446
9.82 0.000888065
9.84 0.00096545
9.86 0.00111499
9.88 0.00131555
9.9 0.00153953
9.92 0.00175515
9.94 0.00192932
9.96 0.00203072
9.98 0.00203314
10 0.00191835
10.02 0.00167832
10.04 0.00131621
10.06 0.0008463
10.08 0.000292992
10.1 -0.000311002
10.12 -0.000927003
10.14 -0.00151321
10.16 -0.00202791
10.18 -0.00243291
10.2 -0.00269666
10.22 -0.00279699
10.24 -0.00272262
10.26 -0.0024736
10.28 -0.00206053
10.3 -0.00150291
10.32 -0.000827071
10.34 -6.42072e-05
10.36 0.000751308
10.38 0.00158334
10.4 0.00239533
10.42 0.00315181
10.44 0.00382026
10.46 0.00437319
10.48 0.00479002
10.5 0.00505862
10.52 0.0051758
10.54 0.0051468
10.56 0.00498387
10.58 0.00470408
10.6 0.00432701
10.62 0.00387263
10.64 0.00335981
10.66 0.00280564
10.68 0.00222542
10.7 0.00163307
10.72 0.00104162
10.74 0.000463485
10.76 -8.97862e-05
10.78 -0.000608064
10.8 -0.0010834
10.82 -0.00151064
10.84 -0.00188754
10.86 -0.0022146
10.88 -0.00249439
10.9 -0.00273099
10.92 -0.00292937
10.94 -0.003095
10.96 -0.00323345
10.98 -0.00334988
11 -0.00344848
11.02 -0.00353193
11.04 -0.00360092
11.06 -0.0036542
11.08 -0.00368887
11.1 -0.00370122
11.12 -0.00368766
11.14 -0.00364593
11.16 -0.00357603
11.18 -0.003481
11.2 -0.00336712
11.22 -0.00324353
11.24 -0.00312119
11.26 -0.00301138
11.28 -0.00292414
11.3 -0.00286703
11.32 -0.00284461
11.34 -0.00285861
11.36 -0.00290879
11.38 -0.00299375
11.4 -0.0031115
11.42 -0.00325915
11.44 -0.00343202
11.46 -0.00362222
11.48 -0.00381748
11.5 -0.00400065
11.52 -0.00415035
11.54 -0.00424268
11.56 -0.00425382
11.58 -0.00416306
11.6 -0.00395565
11.62 -0.00362514
11.64 -0.00317477
11.66 -0.00261778
11.68 -0.00197651
11.7 -0.0012804
11.72 -0.00056337
11.74 0.000139183
11.76 0.00079315
11.78 0.00136794
11.8 0.00183813
11.82 0.00218466
11.84 0.00239593
11.86 0.00246888
11.88 0.00241018
11.9 0.00223708
11.92 0.0019776
11.94 0.00166952
11.96 0.00135793
11.98 0.00109138
12 0.000916957
12.02 0.000874807
12.04 0.000992812
12.06 0.0012823
12.08 0.00173556
12.1 0.00232579
12.12 0.00300983
12.14 0.00373321
12.16 0.00443682
12.18 0.00506365
12.2 0.00556456
12.22 0.00590197
12.24 0.00605154
12.26 0.0060023
12.28 0.00575605
12.3 0.0053267
12.32 0.00473965
12.34 0.00403104
12.36 0.00324622
12.38 0.00243712
12.4 0.00165857
12.42 0.000963996
12.44 0.000401179
12.46 8.48403e-06
12.48 -0.000188151
12.5 -0.000177575
12.52 3.48504e-05
12.54 0.000426339
12.56 0.000957049
12.58 0.00157229
12.6 0.00220686
12.62 0.00279127
12.64 0.00325905
12.66 0.00355374
12.68 0.00363452
12.7 0.00347954
12.72 0.00308668
12.74 0.00247224
12.76 0.00166818
12.78 0.000718502
12.8 -0.000324633
12.82 -0.001405
12.84 -0.00246634
12.86 -0.00345628
12.88 -0.0043298
12.9 -0.00505175
12.92 -0.00559838
12.94 -0.00595744
12.96 -0.00612743
12.98 -0.00611603
13 -0.00593843
13.02 -0.00561552
13.04 -0.00517209
13.06 -0.00463496
13.08 -0.00403081
13.1 -0.00338395
13.12 -0.0027144
13.14 -0.00203657
13.16 -0.00135924
13.18 -0.00068682
13.2 -2.173e-05
13.22 0.000632566
13.24 0.00126876
13.26 0.00187384
13.28 0.00242879
13.3 0.00290995
13.32 0.00329172
13.34 0.00355003
13.36 0.00366574
13.38 0.00362733
13.4 0.00343228
13.42 0.00308728
13.44 0.00260737
13.46 0.00201454
13.48 0.00133623
13.5 0.000603998
13.52 -0.000147688
13.54 -0.000882806
13.56 -0.00156558
13.58 -0.00216293
13.6 -0.00264735
13.62 -0.00299977
13.64 -0.00321158
13.66 -0.0032854
13.68 -0.00323417
13.7 -0.00307906
13.72 -0.00284655
13.74 -0.00256551
13.76 -0.00226477
13.78 -0.00197113
13.8 -0.00170777
13.82 -0.00149281
13.84 -0.00133783
13.86 -0.00124672
13.88 -0.00121527
13.9 -0.00123191
13.92 -0.00127973
13.94 -0.00133959
13.96 -0.00139357
13.98 -0.00142799
14 -0.00143534
14.02 -0.00141471
14.04 -0.00137095
14.06 -0.00131285
14.08 -0.00125113
14.1 -0.00119656
14.12 -0.0011586
14.14 -0.00114453
14.16 -0.00115881
14.18 -0.00120252
14.2 -0.00127267
14.22 -0.00136149
14.24 -0.00145607
14.26 -0.00153867
14.28 -0.00158802
14.3 -0.00158155
14.32 -0.00149839
14.34 -0.00132248
14.36 -0.00104524
14.38 -0.000667247
14.4 -0.000198657
14.42 0.00034165
14.44 0.000927825
14.46 0.00152939
14.48 0.00211374
14.5 0.00264862
14.52 0.00310444
14.54 0.00345645
14.56 0.00368673
14.58 0.00378601
14.6 0.00375498
14.62 0.00360485
14.64 0.00335695
14.66 0.00304119
14.68 0.00269342
14.7 0.002352
14.72 0.00205391
14.74 0.00183107
14.76 0.00170726
14.78 0.00169599
14.8 0.0017997
14.82 0.00201003
14.84 0.00230923
14.86 0.00267238
14.88 0.00306999
14.9 0.00347086
14.92 0.00384474
14.94 0.00416466
14.96 0.00440873
14.98 0.00456116
15 0.00461261
15.02 0.00455981
15.04 0.00440471
15.06 0.00415348
15.08 0.00381537
15.1 0.00340196
15.12 0.00292664
15.14 0.00240431
15.16 0.00185112
15.18 0.00128413
15.2 0.000720556
15.22 0.000176811
15.24 -0.00033273
15.26 -0.000796833
15.28 -0.00120818
15.3 -0.00156359
15.32 -0.00186359
15.34 -0.00211144
15.36 -0.0023119
15.38 -0.00246992
15.4 -0.00258978
15.42 -0.00267464
15.44 -0.00272669
15.46 -0.00274783
15.48 -0.00274046
15.5 -0.00270828
15.52 -0.00265671
15.54 -0.00259283
15.56 -0.00252473
15.58 -0.00246055
15.6 -0.00240738
15.62 -0.00237037
15.64 -0.00235225
15.66 -0.00235335
15.68 -0.00237198
15.7 -0.00240479
15.72 -0.00244702
15.74 -0.00249223
15.76 -0.00253185
15.78 -0.0025547
15.8 -0.00254705
15.82 -0.00249373
15.84 -0.00238023
15.86 -0.00219579
15.88 -0.00193658
15.9 -0.00160831
15.92 -0.00122732
15.94 -0.000819689
15.96 -0.000418443
15.98 -5.92546e-05
16 0.000224446
16.02 0.000406062
16.04 0.000469354
16.06 0.000410412
16.08 0.000237961
16.1 -2.78744e-05
16.12 -0.000358016
16.14 -0.000717711
16.16 -0.00107022
16.18 -0.0013805
16.2 -0.00161849
16.22 -0.00176169
16.24 -0.00179673
16.26 -0.00171994
16.28 -0.00153691
16.3 -0.00126126
16.32 -0.000912837
16.34 -0.000515714
16.36 -9.60519e-05
16.38 0.000319855
16.4 0.000707311
16.42 0.00104462
16.44 0.00131416
16.46 0.00150306
16.48 0.00160361
16.5 0.00161333
16.52 0.00153473
16.54 0.00137479
16.56 0.00114426
16.58 0.000856655
16.6 0.000527212
16.62 0.000171929
16.64 -0.000193219
16.66 -0.000552745
16.68 -0.000891797
16.7 -0.00119607
16.72 -0.00145163
16.74 -0.00164489
16.76 -0.00176283
16.78 -0.00179371
16.8 -0.00172806
16.82 -0.00156013
16.84 -0.00128921
16.86 -0.000920834
16.88 -0.00046734
16.9 5.2334e-05
16.92 0.000613772
16.94 0.00118903
16.96 0.00174912
16.98 0.00226666
17 0.00271813
17.02 0.00308549
17.04 0.00335684
17.06 0.0035264
17.08 0.00359386
17.1 0.00356364
17.12 0.0034442
17.14 0.00324753
17.16 0.00298892
17.18 0.00268654
17.2 0.00236088
17.22 0.00203385
17.24 0.00172739
17.26 0.00146199
17.28 0.0012551
17.3 0.00111977
17.32 0.0010636
17.34 0.00108817
17.36 0.00118887
17.38 0.00135515
17.4 0.00157108
17.42 0.00181633
17.44 0.0020675
17.46 0.00229985
17.48 0.00248941
17.5 0.00261522
17.52 0.00266159
17.54 0.00261994
17.56 0.00249003
17.58 0.00228009
17.6 0.00200603
17.62 0.00168956
17.64 0.00135563
17.66 0.00102944
17.68 0.000733602
17.7 0.000485801
17.72 0.000297198
17.74 0.000171789
17.76 0.0001066
17.78 9.25786e-05
17.8 0.000115903
17.82 0.000159499
17.84 0.000204593
17.86 0.000232198
17.88 0.000224529
17.9 0.000166327
17.92 4.60968e-05
17.94 -0.000142795
17.96 -0.000401242
17.98 -0.00072387
18 -0.00109903
18.02 -0.00150941
18.04 -0.00193346
18.06 -0.00234739
18.08 -0.00272769
18.1 -0.00305384
18.12 -0.00331047
18.14 -0.003489
18.16 -0.00358804
18.18 -0.00361279
18.2 -0.00357359
18.22 -0.00348387
18.24 -0.0033581
18.26 -0.00321007
18.28 -0.00305176
18.3 -0.00289292
18.32 -0.00274113
18.34 -0.00260236
18.36 -0.00248151
18.38 -0.00238281
18.4 -0.00231003
18.42 -0.0022662
18.44 -0.00225317
18.46 -0.00227108
18.48 -0.00231785
18.5 -0.002389
18.52 -0.00247777
18.54 -0.00257554
18.56 -0.00267244
18.58 -0.00275808
18.6 -0.00282219
18.62 -0.00285527
18.64 -0.00284913
18.66 -0.00279741
18.68 -0.00269602
18.7 -0.00254343
18.72 -0.00234088
18.74 -0.00209234
18.76 -0.00180443
18.78 -0.00148611
18.8 -0.00114839
18.82 -0.000803903
18.84 -0.000466351
18.86 -0.000149656
18.88 0.000133191
18.9 0.000371535
18.92 0.000558526
18.94 0.000692328
18.96 0.000776737
18.98 0.000820982
19 0.000838648
19.02 0.000845893
19.04 0.000859308
19.06 0.000893819
19.08 0.000961043
19.1 0.00106831
19.12 0.00121844
19.14 0.0014101
19.16 0.00163865
19.18 0.00189697
19.2 0.00217631
19.22 0.00246691
19.24 0.00275834
19.26 0.00303989
19.28 0.00330081
19.3 0.00353081
19.32 0.00372059
19.34 0.00386257
19.36 0.00395149
19.38 0.00398488
19.4 0.00396326
19.42 0.00389001
19.44 0.00377091
19.46 0.00361358
19.48 0.00342673
19.5 0.00321953
19.52 0.00300102
19.54 0.00277963
19.56 0.00256289
19.58 0.00235713
19.6 0.00216733
19.62 0.00199699
19.64 0.00184808
19.66 0.00172112
19.68 0.00161536
19.7 0.00152892
19.72 0.00145912
19.74 0.00140267
19.76 0.00135585
19.78 0.00131459
19.8 0.0012746
19.82 0.00123136
19.84 0.00118027
19.86 0.0011168
19.88 0.00103674
19.9 0.000936435
19.92 0.000813102
19.94 0.000665014
19.96 0.000491644
19.98 0.000293706
20 7.3126e-05
