0.000000  -0.000142
0.020000  -0.000142
0.040000  -0.000142
0.060000  -0.000142
0.080000  -0.000143
0.100000  -0.000143
0.120000  -0.000143
0.140000  -0.000143
0.160000  -0.000143
0.180000  -0.000144
0.200000  -0.000144
0.220000  -0.000144
0.240000  -0.000144
0.260000  -0.000144
0.280000  -0.000145
0.300000  -0.000145
0.320000  -0.000145
0.340000  -0.000145
0.360000  -0.000145
0.380000  -0.000146
0.400000  -0.000146
0.420000  -0.000146
0.440000  -0.000146
0.460000  -0.000146
0.480000  -0.000146
0.500000  -0.000146
0.520000  -0.000146
0.540000  -0.000147
0.560000  -0.000147
0.580000  -0.000147
0.600000  -0.000148
0.620000  -0.000148
0.640000  -0.000149
0.660000  -0.000149
0.680000  -0.000149
0.700000  -0.000149
0.720000  -0.000149
0.740000  -0.000149
0.760000  -0.000148
0.780000  -0.000148
0.800000  -0.000148
0.820000  -0.000149
0.840000  -0.000148
0.860000  -0.000149
0.880000  -0.000149
0.900000  -0.000149
0.920000  -0.000150
0.940000  -0.000150
0.960000  -0.000151
0.980000  -0.000151
1.000000  -0.000151
1.020000  -0.000151
1.040000  -0.000151
1.060000  -0.000150
1.080000  -0.000150
1.100000  -0.000150
1.120000  -0.000150
1.140000  -0.000150
1.160000  -0.000150
1.180000  -0.000150
1.200000  -0.000150
1.220000  -0.000150
1.240000  -0.000150
1.260000  -0.000153
1.280000  -0.000153
1.300000  -0.000153
1.320000  -0.000153
1.340000  -0.000153
1.360000  -0.000153
1.380000  -0.000153
1.400000  -0.000154
1.420000  -0.000151
1.440000  -0.000151
1.460000  -0.000151
1.480000  -0.000151
1.500000  -0.000151
1.520000  -0.000151
1.540000  -0.000151
1.560000  -0.000151
1.580000  -0.000154
1.600000  -0.000155
1.620000  -0.000155
1.640000  -0.000155
1.660000  -0.000155
1.680000  -0.000155
1.700000  -0.000155
1.720000  -0.000155
1.740000  -0.000151
1.760000  -0.000151
1.780000  -0.000151
1.800000  -0.000151
1.820000  -0.000151
1.840000  -0.000151
1.860000  -0.000156
1.880000  -0.000151
1.900000  -0.000151
1.920000  -0.000156
1.940000  -0.000156
1.960000  -0.000156
1.980000  -0.000156
2.000000  -0.000156
2.020000  -0.000156
2.040000  -0.000151
2.060000  -0.000151
2.080000  -0.000151
2.100000  -0.000151
2.120000  -0.000151
2.140000  -0.000150
2.160000  -0.000150
2.180000  -0.000156
2.200000  -0.000156
2.220000  -0.000156
2.240000  -0.000157
2.260000  -0.000157
2.280000  -0.000157
2.300000  -0.000150
2.320000  -0.000157
2.340000  -0.000157
2.360000  -0.000157
2.380000  -0.000157
2.400000  -0.000157
2.420000  -0.000157
2.440000  -0.000157
2.460000  -0.000149
2.480000  -0.000149
2.500000  -0.000149
2.520000  -0.000149
2.540000  -0.000149
2.560000  -0.000149
2.580000  -0.000148
2.600000  -0.000157
2.620000  -0.000157
2.640000  -0.000157
2.660000  -0.000157
2.680000  -0.000157
2.700000  -0.000157
2.720000  -0.000157
2.740000  -0.000147
2.760000  -0.000147
2.780000  -0.000147
2.800000  -0.000147
2.820000  -0.000147
2.840000  -0.000147
2.860000  -0.000146
2.880000  -0.000146
2.900000  -0.000156
2.920000  -0.000156
2.940000  -0.000156
2.960000  -0.000167
2.980000  -0.000167
3.000000  -0.000167
3.020000  -0.000167
3.040000  -0.000156
3.060000  -0.000145
3.080000  -0.000144
3.100000  -0.000144
3.120000  -0.000144
3.140000  -0.000144
3.160000  -0.000144
3.180000  -0.000143
3.200000  -0.000143
3.220000  -0.000143
3.240000  -0.000143
3.260000  -0.000143
3.280000  -0.000142
3.300000  -0.000155
3.320000  -0.000155
3.340000  -0.000155
3.360000  -0.000167
3.380000  -0.000167
3.400000  -0.000167
3.420000  -0.000154
3.440000  -0.000141
3.460000  -0.000140
3.480000  -0.000140
3.500000  -0.000140
3.520000  -0.000140
3.540000  -0.000139
3.560000  -0.000139
3.580000  -0.000139
3.600000  -0.000153
3.620000  -0.000153
3.640000  -0.000167
3.660000  -0.000182
3.680000  -0.000257
3.700000  -0.000319
3.720000  -0.000335
3.740000  -0.000367
3.760000  -0.000338
3.780000  -0.000245
3.800000  -0.000246
3.820000  -0.000231
3.840000  -0.000215
3.860000  -0.000345
3.880000  -0.000704
3.900000  -0.000970
3.920000  -0.000745
3.940000  -0.000650
3.960000  -0.000804
3.980000  -0.000403
4.000000  0.000276
4.020000  0.000262
4.040000  -0.000340
4.060000  -0.001292
4.080000  -0.001827
4.100000  -0.001167
4.120000  -0.000344
4.140000  -0.000686
4.160000  -0.000401
4.180000  0.001826
4.200000  0.002005
4.220000  -0.001376
4.240000  -0.004066
4.260000  -0.003663
4.280000  -0.002396
4.300000  -0.002713
4.320000  -0.001740
4.340000  -0.000012
4.360000  -0.000455
4.380000  -0.003064
4.400000  -0.006183
4.420000  -0.003848
4.440000  0.001530
4.460000  0.002967
4.480000  0.002833
4.500000  0.006062
4.520000  0.009086
4.540000  0.005444
4.560000  0.004397
4.580000  0.002615
4.600000  -0.004633
4.620000  -0.007817
4.640000  0.000172
4.660000  0.010336
4.680000  0.001422
4.700000  -0.005841
4.720000  0.003028
4.740000  0.011282
4.760000  0.017507
4.780000  0.026473
4.800000  0.027835
4.820000  0.014645
4.840000  0.002512
4.860000  -0.001468
4.880000  -0.000117
4.900000  0.010940
4.920000  0.002432
4.940000  -0.030471
4.960000  -0.037898
4.980000  -0.027678
5.000000  -0.017010
5.020000  -0.007552
5.040000  -0.000812
5.060000  0.000168
5.080000  -0.016271
5.100000  -0.024749
5.120000  -0.019778
5.140000  -0.011243
5.160000  0.002800
5.180000  0.008653
5.200000  -0.001816
5.220000  -0.013636
5.240000  -0.013385
5.260000  -0.010491
5.280000  -0.008235
5.300000  -0.003839
5.320000  -0.003466
5.340000  -0.004937
5.360000  -0.011369
5.380000  -0.022378
5.400000  -0.017401
5.420000  0.020153
5.440000  0.055014
5.460000  0.037779
5.480000  0.000611
5.500000  -0.012800
5.520000  0.006157
5.540000  0.026045
5.560000  0.011447
5.580000  -0.010495
5.600000  -0.021012
5.620000  -0.024899
5.640000  -0.012406
5.660000  -0.009450
5.680000  -0.004843
5.700000  0.011774
5.720000  0.016118
5.740000  0.024745
5.760000  0.029390
5.780000  0.028085
5.800000  0.035813
5.820000  0.007613
5.840000  -0.021292
5.860000  -0.035350
5.880000  -0.023864
5.900000  0.024402
5.920000  0.019111
5.940000  0.008413
5.960000  0.014049
5.980000  0.012511
6.000000  0.023286
6.020000  0.006681
6.040000  -0.016244
6.060000  -0.022141
6.080000  -0.019570
6.100000  -0.011943
6.120000  -0.026853
6.140000  -0.026918
6.160000  -0.014823
6.180000  -0.014347
6.200000  0.006069
6.220000  0.021151
6.240000  0.020484
6.260000  0.015107
6.280000  -0.000830
6.300000  -0.004361
6.320000  0.015206
6.340000  0.024020
6.360000  0.017460
6.380000  0.016045
6.400000  0.015961
6.420000  -0.009252
6.440000  -0.024126
6.460000  -0.002846
6.480000  0.035464
6.500000  0.028097
6.520000  -0.021720
6.540000  -0.039846
6.560000  -0.013529
6.580000  0.004077
6.600000  -0.013225
6.620000  -0.025399
6.640000  0.012077
6.660000  0.041703
6.680000  -0.000013
6.700000  -0.059783
6.720000  -0.069679
6.740000  -0.013823
6.760000  0.024015
6.780000  -0.002277
6.800000  -0.008736
6.820000  0.022484
6.840000  0.045221
6.860000  0.030460
6.880000  -0.015891
6.900000  -0.021254
6.920000  0.045203
6.940000  0.087644
6.960000  0.051168
6.980000  0.016046
7.000000  0.043706
7.020000  0.093271
7.040000  0.084274
7.060000  0.015797
7.080000  -0.023287
7.100000  -0.001461
7.120000  0.024472
7.140000  0.011711
7.160000  -0.005280
7.180000  0.010455
7.200000  0.053336
7.220000  0.112326
7.240000  0.173126
7.260000  0.211601
7.280000  0.235648
7.300000  0.267853
7.320000  0.299681
7.340000  0.323406
7.360000  0.351463
7.380000  0.337594
7.400000  0.226675
7.420000  0.084109
7.440000  -0.034112
7.460000  -0.161193
7.480000  -0.333789
7.500000  -0.462393
7.520000  -0.506345
7.540000  -0.513638
7.560000  -0.519982
7.580000  -0.544799
7.600000  -0.597503
7.620000  -0.641120
7.640000  -0.566642
7.660000  -0.356973
7.680000  -0.140284
7.700000  -0.003712
7.720000  0.066342
7.740000  0.135847
7.760000  0.179829
7.780000  0.180627
7.800000  0.179495
7.820000  0.174407
7.840000  0.148296
7.860000  0.098286
7.880000  0.031741
7.900000  -0.010139
7.920000  0.014656
7.940000  0.062781
7.960000  0.098103
7.980000  0.135559
8.000000  0.166690
8.020000  0.192925
8.040000  0.214672
8.060000  0.233634
8.080000  0.266122
8.100000  0.324823
8.120000  0.398325
8.140000  0.458568
8.160000  0.482265
8.180000  0.478328
8.200000  0.472015
8.220000  0.478208
8.240000  0.481719
8.260000  0.432159
8.280000  0.302153
8.300000  0.122643
8.320000  -0.057844
8.340000  -0.205368
8.360000  -0.294178
8.380000  -0.349341
8.400000  -0.400187
8.420000  -0.451055
8.440000  -0.520495
8.460000  -0.604219
8.480000  -0.689001
8.500000  -0.775894
8.520000  -0.834229
8.540000  -0.826153
8.560000  -0.716913
8.580000  -0.530997
8.600000  -0.352100
8.620000  -0.211839
8.640000  -0.098415
8.660000  -0.019730
8.680000  0.022702
8.700000  0.071225
8.720000  0.151336
8.740000  0.228500
8.760000  0.283673
8.780000  0.330585
8.800000  0.343602
8.820000  0.310973
8.840000  0.265687
8.860000  0.210608
8.880000  0.120034
8.900000  0.007916
8.920000  -0.072133
8.940000  -0.101755
8.960000  -0.120207
8.980000  -0.145084
9.000000  -0.158996
9.020000  -0.165340
9.040000  -0.182476
9.060000  -0.191381
9.080000  -0.177968
9.100000  -0.132649
9.120000  -0.039595
9.140000  0.045005
9.160000  0.078890
9.180000  0.110124
9.200000  0.129464
9.220000  0.089145
9.240000  0.025252
9.260000  -0.008877
9.280000  -0.002594
9.300000  0.042542
9.320000  0.097163
9.340000  0.125714
9.360000  0.146236
9.380000  0.182345
9.400000  0.228398
9.420000  0.271801
9.440000  0.300709
9.460000  0.301597
9.480000  0.269397
9.500000  0.222641
9.520000  0.181496
9.540000  0.139962
9.560000  0.092757
9.580000  0.056792
9.600000  0.047521
9.620000  0.051029
9.640000  0.039657
9.660000  0.033435
9.680000  0.061373
9.700000  0.087047
9.720000  0.089037
9.740000  0.064762
9.760000  0.049513
9.780000  0.079460
9.800000  0.107032
9.820000  0.077902
9.840000  0.063786
9.860000  0.073028
9.880000  0.003527
9.900000  -0.107215
9.920000  -0.139662
9.940000  -0.097210
9.960000  -0.042834
9.980000  -0.020291
10.000000  -0.001625
10.020000  0.029690
10.040000  0.029935
10.060000  0.031312
10.080000  0.107649
10.100000  0.209935
10.120000  0.266394
10.140000  0.249556
10.160000  0.178862
10.180000  0.109023
10.200000  0.042663
10.220000  -0.030930
10.240000  -0.126483
10.260000  -0.245456
10.280000  -0.359939
10.300000  -0.450180
10.320000  -0.520171
10.340000  -0.589470
10.360000  -0.672630
10.380000  -0.741839
10.400000  -0.713383
10.420000  -0.535851
10.440000  -0.258413
10.460000  0.030249
10.480000  0.225590
10.500000  0.247430
10.520000  0.279968
10.540000  0.396537
10.560000  0.371375
10.580000  0.233073
10.600000  0.109430
10.620000  -0.021742
10.640000  -0.174690
10.660000  -0.292531
10.680000  -0.338952
10.700000  -0.329191
10.720000  -0.251754
10.740000  -0.118572
10.760000  0.027665
10.780000  0.165029
10.800000  0.279790
10.820000  0.398703
10.840000  0.481599
10.860000  0.526095
10.880000  0.571731
10.900000  0.590417
10.920000  0.552209
10.940000  0.478403
10.960000  0.389104
10.980000  0.297130
11.000000  0.206423
11.020000  0.079954
11.040000  -0.098616
11.060000  -0.249271
11.080000  -0.296579
11.100000  -0.248059
11.120000  -0.201454
11.140000  -0.222802
11.160000  -0.297731
11.180000  -0.349243
11.200000  -0.308169
11.220000  -0.187787
11.240000  -0.056105
11.260000  0.019927
11.280000  0.025578
11.300000  0.030057
11.320000  0.030884
11.340000  0.002457
11.360000  -0.029071
11.380000  -0.056488
11.400000  -0.087935
11.420000  -0.099675
11.440000  -0.034967
11.460000  0.083129
11.480000  0.168065
11.500000  0.199177
11.520000  0.234154
11.540000  0.334001
11.560000  0.444468
11.580000  0.488391
11.600000  0.425357
11.620000  0.266829
11.640000  0.074174
11.660000  -0.112997
11.680000  -0.280460
11.700000  -0.419711
11.720000  -0.513837
11.740000  -0.523131
11.760000  -0.430944
11.780000  -0.328403
11.800000  -0.262287
11.820000  -0.198700
11.840000  -0.128280
11.860000  -0.064324
11.880000  0.003598
11.900000  0.013453
11.920000  -0.087282
11.940000  -0.214251
11.960000  -0.280307
11.980000  -0.243649
12.000000  -0.148862
12.020000  -0.077165
12.040000  0.009513
12.060000  0.141574
12.080000  0.280885
12.100000  0.376227
12.120000  0.406542
12.140000  0.411085
12.160000  0.397703
12.180000  0.374732
12.200000  0.350304
12.220000  0.319807
12.240000  0.288239
12.260000  0.233618
12.280000  0.125143
12.300000  -0.006702
12.320000  -0.131437
12.340000  -0.241384
12.360000  -0.330807
12.380000  -0.376097
12.400000  -0.342734
12.420000  -0.249527
12.440000  -0.166386
12.460000  -0.092865
12.480000  -0.002339
12.500000  0.053466
12.520000  0.055578
12.540000  0.022399
12.560000  -0.026244
12.580000  -0.077275
12.600000  -0.122103
12.620000  -0.151102
12.640000  -0.177734
12.660000  -0.216371
12.680000  -0.253795
12.700000  -0.297921
12.720000  -0.306102
12.740000  -0.267027
12.760000  -0.220831
12.780000  -0.165385
12.800000  -0.118475
12.820000  -0.097829
12.840000  -0.078735
12.860000  -0.028571
12.880000  0.046521
12.900000  0.127122
12.920000  0.202001
12.940000  0.259061
12.960000  0.287459
12.980000  0.272363
13.000000  0.217529
13.020000  0.163265
13.040000  0.138867
13.060000  0.126433
13.080000  0.108043
13.100000  0.097639
13.120000  0.105779
13.140000  0.114173
13.160000  0.122221
13.180000  0.130239
13.200000  0.132320
13.220000  0.137288
13.240000  0.145979
13.260000  0.145306
13.280000  0.120001
13.300000  0.062779
13.320000  -0.028132
13.340000  -0.138629
13.360000  -0.233530
13.380000  -0.273240
13.400000  -0.245854
13.420000  -0.190173
13.440000  -0.134512
13.460000  -0.084185
13.480000  -0.050423
13.500000  -0.019506
13.520000  0.016612
13.540000  0.059095
13.560000  0.090501
13.580000  0.087973
13.600000  0.063115
13.620000  0.053058
13.640000  0.064982
13.660000  0.080813
13.680000  0.105843
13.700000  0.141167
13.720000  0.157232
13.740000  0.125001
13.760000  0.060803
13.780000  -0.011596
13.800000  -0.086076
13.820000  -0.147889
13.840000  -0.185681
13.860000  -0.203949
13.880000  -0.194189
13.900000  -0.137804
13.920000  -0.053685
13.940000  0.018531
13.960000  0.068215
13.980000  0.105752
14.000000  0.133966
14.020000  0.146839
14.040000  0.139822
14.060000  0.113721
14.080000  0.065894
14.100000  0.008498
14.120000  -0.041788
14.140000  -0.083669
14.160000  -0.116024
14.180000  -0.138923
14.200000  -0.161679
14.220000  -0.187425
14.240000  -0.191077
14.260000  -0.160059
14.280000  -0.121850
14.300000  -0.086813
14.320000  -0.038619
14.340000  0.023193
14.360000  0.087269
14.380000  0.147481
14.400000  0.189200
14.420000  0.203072
14.440000  0.190302
14.460000  0.145188
14.480000  0.081204
14.500000  0.028970
14.520000  0.003317
14.540000  -0.003273
14.560000  -0.020653
14.580000  -0.063962
14.600000  -0.107792
14.620000  -0.132038
14.640000  -0.149633
14.660000  -0.169881
14.680000  -0.169209
14.700000  -0.123412
14.720000  -0.052471
14.740000  0.012126
14.760000  0.060402
14.780000  0.095787
14.800000  0.124112
14.820000  0.148848
14.840000  0.162057
14.860000  0.150348
14.880000  0.123329
14.900000  0.082672
14.920000  0.025246
14.940000  -0.012515
14.960000  -0.028529
14.980000  -0.038403
15.000000  -0.046614
15.020000  -0.049940
15.040000  -0.029653
15.060000  0.004680
15.080000  0.034882
15.100000  0.060158
15.120000  0.077182
15.140000  0.089381
15.160000  0.098409
15.180000  0.090902
15.200000  0.068095
15.220000  0.042962
15.240000  0.018931
15.260000  -0.013434
15.280000  -0.047981
15.300000  -0.067933
15.320000  -0.085589
15.340000  -0.106450
15.360000  -0.104992
15.380000  -0.092302
15.400000  -0.068241
15.420000  -0.030205
15.440000  0.001996
15.460000  0.028597
15.480000  0.052751
15.500000  0.066103
15.520000  0.065644
15.540000  0.066256
15.560000  0.079954
15.580000  0.087727
15.600000  0.077149
15.620000  0.067173
15.640000  0.064889
15.660000  0.064919
15.680000  0.061411
15.700000  0.054270
15.720000  0.038022
15.740000  0.018376
15.760000  0.006667
15.780000  -0.017640
15.800000  -0.047139
15.820000  -0.051617
15.840000  -0.052994
15.860000  -0.063021
15.880000  -0.058054
15.900000  -0.050425
15.920000  -0.056014
15.940000  -0.065133
15.960000  -0.072355
15.980000  -0.077395
16.000000  -0.075131
16.020000  -0.074620
16.040000  -0.080353
16.060000  -0.073122
16.080000  -0.050488
16.100000  -0.032802
16.120000  -0.022133
16.140000  -0.007792
16.160000  0.019013
16.180000  0.048930
16.200000  0.072135
16.220000  0.083488
16.240000  0.087598
16.260000  0.087598
16.280000  0.071258
16.300000  0.044993
16.320000  0.022492
16.340000  -0.004651
16.360000  -0.045186
16.380000  -0.075103
16.400000  -0.087088
16.420000  -0.096024
16.440000  -0.090506
16.460000  -0.067241
16.480000  -0.048636
16.500000  -0.034459
16.520000  -0.012621
16.540000  0.011533
16.560000  0.022610
16.580000  0.035135
16.600000  0.062797
16.620000  0.082718
16.640000  0.081066
16.660000  0.064756
16.680000  0.039103
16.700000  0.007299
16.720000  -0.017589
16.740000  -0.032777
16.760000  -0.049312
16.780000  -0.069437
16.800000  -0.087889
16.820000  -0.099905
16.840000  -0.101129
16.860000  -0.088227
16.880000  -0.062513
16.900000  -0.039859
16.920000  -0.028517
16.940000  -0.014115
16.960000  0.008569
16.980000  0.026072
17.000000  0.024583
17.020000  0.015801
17.040000  0.020859
17.060000  0.034956
17.080000  0.038128
17.100000  0.029029
17.120000  0.026071
17.140000  0.023480
17.160000  0.015401
17.180000  0.011892
17.200000  0.008842
17.220000  -0.004092
17.240000  -0.024828
17.260000  -0.040996
17.280000  -0.048647
17.300000  -0.054379
17.320000  -0.061948
17.340000  -0.069813
17.360000  -0.061705
17.380000  -0.028096
17.400000  0.016855
17.420000  0.055931
17.440000  0.086123
17.460000  0.105483
17.480000  0.104238
17.500000  0.086613
17.520000  0.069620
17.540000  0.055441
17.560000  0.034460
17.580000  0.005359
17.600000  -0.022181
17.620000  -0.040909
17.640000  -0.049600
17.660000  -0.057281
17.680000  -0.078691
17.700000  -0.097878
17.720000  -0.090402
17.740000  -0.065250
17.760000  -0.046553
17.780000  -0.036701
17.800000  -0.022462
17.820000  -0.000869
17.840000  0.009382
17.860000  -0.003337
17.880000  -0.027430
17.900000  -0.047677
17.920000  -0.057562
17.940000  -0.063386
17.960000  -0.070404
17.980000  -0.076902
18.000000  -0.084491
18.020000  -0.085226
18.040000  -0.070498
18.060000  -0.044631
18.080000  -0.014899
18.100000  0.018924
18.120000  0.055704
18.140000  0.090956
18.160000  0.126849
18.180000  0.159550
18.200000  0.175891
18.220000  0.178758
18.240000  0.181144
18.260000  0.181868
18.280000  0.166313
18.300000  0.132684
18.320000  0.095535
18.340000  0.061528
18.360000  0.027185
18.380000  -0.006180
18.400000  -0.033568
18.420000  -0.049521
18.440000  -0.056386
18.460000  -0.056407
18.480000  -0.049033
18.500000  -0.040649
18.520000  -0.033173
18.540000  -0.020852
18.560000  -0.009602
18.580000  -0.013600
18.600000  -0.022505
18.620000  -0.022863
18.640000  -0.023842
18.660000  -0.035614
18.680000  -0.046997
18.700000  -0.044519
18.720000  -0.032198
18.740000  -0.025161
18.760000  -0.025896
18.780000  -0.012106
18.800000  0.025226
18.820000  0.068596
18.840000  0.099542
18.860000  0.118423
18.880000  0.128644
18.900000  0.123339
18.920000  0.102531
18.940000  0.071126
18.960000  0.031723
18.980000  -0.006589
19.000000  -0.035098
19.020000  -0.057488
19.040000  -0.080673
19.060000  -0.100064
19.080000  -0.105338
19.100000  -0.094823
19.120000  -0.073414
19.140000  -0.047037
19.160000  -0.014551
19.180000  0.018966
19.200000  0.047353
19.220000  0.067916
19.240000  0.076147
19.260000  0.079044
19.280000  0.086061
19.300000  0.089661
19.320000  0.079196
19.340000  0.061295
19.360000  0.046658
19.380000  0.036223
19.400000  0.030092
19.420000  0.030184
19.440000  0.030551
19.460000  0.021187
19.480000  0.007284
19.500000  -0.000713
19.520000  -0.009159
19.540000  -0.022093
19.560000  -0.033130
19.580000  -0.045850
19.600000  -0.062446
19.620000  -0.075339
19.640000  -0.084030
19.660000  -0.081471
19.680000  -0.057777
19.700000  -0.037163
19.720000  -0.034450
19.740000  -0.031859
19.760000  -0.024567
19.780000  -0.017641
19.800000  -0.014714
19.820000  -0.022252
19.840000  -0.033687
19.860000  -0.031219
19.880000  -0.016522
19.900000  0.000288
19.920000  0.018158
19.940000  0.028562
19.960000  0.028286
19.980000  0.028072
20.000000  0.025756
20.020000  0.014923
20.040000  0.003673
20.060000  -0.001663
20.080000  -0.010057
20.100000  -0.022104
20.120000  -0.022196
20.140000  -0.014476
20.160000  -0.009753
20.180000  -0.004776
20.200000  0.000803
20.220000  0.010829
20.240000  0.024895
20.260000  0.032269
20.280000  0.032575
20.300000  0.028893
20.320000  0.014582
20.340000  -0.002738
20.360000  -0.012194
20.380000  -0.020915
20.400000  -0.027719
20.420000  -0.025802
20.440000  -0.025833
20.460000  -0.030679
20.480000  -0.029792
20.500000  -0.022172
20.520000  -0.017930
20.540000  -0.017991
20.560000  -0.015125
20.580000  -0.006558
20.600000  -0.000826
20.620000  -0.002070
20.640000  -0.002040
20.660000  -0.000337
20.680000  -0.001010
20.700000  -0.001133
20.720000  -0.000980
20.740000  -0.005428
20.760000  -0.014731
20.780000  -0.024248
20.800000  -0.029430
20.820000  -0.032939
20.840000  -0.035020
20.860000  -0.026809
20.880000  -0.006532
20.900000  0.015612
20.920000  0.030769
20.940000  0.033941
20.960000  0.021803
20.980000  0.000515
21.000000  -0.021446
21.020000  -0.039531
21.040000  -0.051792
21.060000  -0.060697
21.080000  -0.063564
21.100000  -0.052467
21.120000  -0.029191
21.140000  -0.001590
21.160000  0.030948
21.180000  0.070228
21.200000  0.106672
21.220000  0.133141
21.240000  0.149093
21.260000  0.154000
21.280000  0.149706
21.300000  0.137690
21.320000  0.114444
21.340000  0.080080
21.360000  0.042198
21.380000  0.001846
21.400000  -0.040056
21.420000  -0.074971
21.440000  -0.102124
21.460000  -0.123922
21.480000  -0.130389
21.500000  -0.115692
21.520000  -0.091325
21.540000  -0.067967
21.560000  -0.049118
21.580000  -0.022649
21.600000  0.014835
21.620000  0.047496
21.640000  0.067477
21.660000  0.077871
21.680000  0.070864
21.700000  0.042008
21.720000  0.008124
21.740000  -0.020814
21.760000  -0.046957
21.780000  -0.067174
21.800000  -0.082699
21.820000  -0.097397
21.840000  -0.103314
21.860000  -0.093736
21.880000  -0.071236
21.900000  -0.039698
21.920000  -0.004957
21.940000  0.023827
21.960000  0.044054
21.980000  0.056977
22.000000  0.060149
22.020000  0.052622
22.040000  0.042646
22.060000  0.031334
22.080000  0.013004
22.100000  -0.006488
22.120000  -0.016913
22.140000  -0.019361
22.160000  -0.020882
22.180000  -0.018689
22.200000  -0.004960
22.220000  0.014705
22.240000  0.028863
22.260000  0.032881
22.280000  0.031392
22.300000  0.027791
22.320000  0.017112
22.340000  -0.001728
22.360000  -0.023260
22.380000  -0.042080
22.400000  -0.053851
22.420000  -0.050434
22.440000  -0.028790
22.460000  -0.003902
22.480000  0.005553
22.500000  0.011101
22.520000  0.029094
22.540000  0.048280
22.560000  0.055236
22.580000  0.047545
22.600000  0.031083
22.620000  0.013487
22.640000  0.003297
22.660000  0.003756
22.680000  0.007112
22.700000  0.010437
22.720000  0.016322
22.740000  0.019647
22.760000  0.012935
22.780000  0.001042
22.800000  -0.008475
22.820000  -0.012351
22.840000  -0.010373
22.860000  -0.012352
22.880000  -0.023388
22.900000  -0.032059
22.920000  -0.031049
22.940000  -0.023450
22.960000  -0.013241
22.980000  -0.005244
23.000000  -0.002868
23.020000  0.000396
23.040000  0.009331
23.060000  0.019786
23.080000  0.029578
23.100000  0.037391
23.120000  0.039492
23.140000  0.037115
23.160000  0.033851
23.180000  0.029027
23.200000  0.019000
23.220000  0.004597
23.240000  -0.012386
23.260000  -0.030715
23.280000  -0.039987
23.300000  -0.035051
23.320000  -0.027911
23.340000  -0.029554
23.360000  -0.037092
23.380000  -0.040203
23.400000  -0.034838
23.420000  -0.024373
23.440000  -0.011042
23.460000  0.004717
23.480000  0.017283
23.500000  0.025158
23.520000  0.030156
23.540000  0.031869
23.560000  0.030768
23.580000  0.025463
23.600000  0.016589
23.620000  0.013111
23.640000  0.015487
23.660000  0.013896
23.680000  0.011856
23.700000  0.014569
23.720000  0.015120
23.740000  0.010723
23.760000  0.007286
23.780000  0.009693
23.800000  0.010907
23.820000  0.009142
23.840000  0.010335
23.860000  0.007071
23.880000  -0.004404
23.900000  -0.012452
23.920000  -0.013941
23.940000  -0.013125
23.960000  -0.010984
23.980000  -0.004884
24.000000  0.000420
24.020000  -0.001987
24.040000  -0.007179
24.060000  -0.008699
24.080000  -0.008669
24.100000  -0.009036
24.120000  -0.007516
24.140000  -0.007670
24.160000  -0.010077
24.180000  -0.008210
24.200000  -0.006017
24.220000  -0.006415
24.240000  -0.003763
24.260000  -0.002601
24.280000  -0.003672
24.300000  -0.002785
24.320000  -0.004590
24.340000  -0.011689
24.360000  -0.019074
24.380000  -0.022247
24.400000  -0.020992
24.420000  -0.015658
24.440000  -0.006692
24.460000  0.006303
24.480000  0.020848
24.500000  0.032435
24.520000  0.038259
24.540000  0.038871
24.560000  0.032313
24.580000  0.019390
24.600000  0.005722
24.620000  -0.007722
24.640000  -0.022767
24.660000  -0.035599
24.680000  -0.043688
24.700000  -0.044626
24.720000  -0.037038
24.740000  -0.027001
24.760000  -0.018494
24.780000  -0.008611
24.800000  0.002640
24.820000  0.011391
24.840000  0.016277
24.860000  0.018838
24.880000  0.019052
24.900000  0.016492
24.920000  0.009413
24.940000  -0.000930
24.960000  -0.007815
24.980000  -0.011018
25.000000  -0.015047
25.020000  -0.017424
25.040000  -0.015476
25.060000  -0.011722
25.080000  -0.006326
25.100000  0.001120
25.120000  0.004588
25.140000  0.001936
25.160000  -0.001145
25.180000  -0.002726
25.200000  -0.002389
25.220000  -0.001145
25.240000  -0.002420
25.260000  -0.005653
25.280000  -0.008305
25.300000  -0.007673
25.320000  -0.002818
25.340000  0.003741
25.360000  0.010626
25.380000  0.018806
25.400000  0.026823
25.420000  0.031648
25.440000  0.035545
25.460000  0.038380
25.480000  0.036402
25.500000  0.027803
25.520000  0.015084
25.540000  0.004476
25.560000  -0.003154
25.580000  -0.010202
25.600000  -0.016026
25.620000  -0.018372
25.640000  -0.016791
25.660000  -0.012671
25.680000  -0.007816
25.700000  -0.003460
25.720000  0.001966
25.740000  0.009933
25.760000  0.015390
25.780000  0.011881
25.800000  0.001508
25.820000  -0.009468
25.840000  -0.017852
25.860000  -0.019229
25.880000  -0.015261
25.900000  -0.012212
25.920000  -0.008978
25.940000  -0.002603
25.960000  0.004619
25.980000  0.009321
26.000000  0.010361
26.020000  0.009841
26.040000  0.006914
26.060000  -0.000869
26.080000  -0.007488
26.100000  -0.008549
26.120000  -0.007335
26.140000  -0.006295
26.160000  -0.003368
26.180000  0.000417
26.200000  0.001784
26.220000  0.003344
26.240000  0.005660
26.260000  0.005905
26.280000  0.002488
26.300000  -0.002633
26.320000  -0.004561
26.340000  -0.004377
26.360000  -0.002388
26.380000  0.003804
26.400000  0.008985
26.420000  0.009873
26.440000  0.007129
26.460000  0.004385
26.480000  0.003284
26.500000  0.002825
26.520000  0.004079
26.540000  0.006456
26.560000  0.010546
26.580000  0.017034
26.600000  0.023103
26.620000  0.026887
26.640000  0.028846
26.660000  0.025939
26.680000  0.016096
26.700000  0.002795
26.720000  -0.010862
26.740000  -0.023673
26.760000  -0.032914
26.780000  -0.038402
26.800000  -0.045450
26.820000  -0.053712
26.840000  -0.055855
26.860000  -0.049174
26.880000  -0.036577
26.900000  -0.024194
26.920000  -0.013402
26.940000  -0.001621
26.960000  0.009048
26.980000  0.018014
27.000000  0.025613
27.020000  0.029724
27.040000  0.028358
27.060000  0.022829
27.080000  0.015333
27.100000  0.007254
27.120000  -0.000283
27.140000  -0.007301
27.160000  -0.011044
27.180000  -0.009524
27.200000  -0.004465
27.220000  0.003899
27.240000  0.012742
27.260000  0.015609
27.280000  0.014752
27.300000  0.014538
27.320000  0.013141
27.340000  0.011397
27.360000  0.009877
27.380000  0.005909
27.400000  -0.000098
27.420000  -0.005341
27.440000  -0.007575
27.460000  -0.006075
27.480000  -0.002322
27.500000  0.001973
27.520000  0.004900
27.540000  0.007348
27.560000  0.010551
27.580000  0.010276
27.600000  0.005054
27.620000  -0.002198
27.640000  -0.009032
27.660000  -0.014825
27.680000  -0.017814
27.700000  -0.014764
27.720000  -0.006349
27.740000  0.004024
27.760000  0.012225
27.780000  0.015673
27.800000  0.013960
27.820000  0.007707
27.840000  -0.001503
27.860000  -0.011254
27.880000  -0.019944
27.900000  -0.026870
27.920000  -0.030348
27.940000  -0.029583
27.960000  -0.026044
27.980000  -0.018271
28.000000  -0.005980
28.020000  0.005117
28.040000  0.012625
28.060000  0.018969
28.080000  0.022927
28.100000  0.023723
28.120000  0.022387
28.140000  0.017747
28.160000  0.010821
28.180000  0.005578
28.200000  0.005456
28.220000  0.007771
28.240000  0.006466
28.260000  0.001254
28.280000  -0.004305
28.300000  -0.006100
28.320000  -0.003601
28.340000  -0.000796
28.360000  0.000428
28.380000  -0.000092
28.400000  0.000551
28.420000  0.003907
28.440000  0.006498
28.460000  0.006927
28.480000  0.006682
28.500000  0.006529
28.520000  0.006131
28.540000  0.005611
28.560000  0.006101
28.580000  0.006469
28.600000  0.005704
28.620000  0.001950
28.640000  -0.007291
28.660000  -0.017960
28.680000  -0.023753
28.700000  -0.023111
28.720000  -0.019969
28.740000  -0.019489
28.760000  -0.020428
28.780000  -0.018510
28.800000  -0.012563
28.820000  -0.003230
28.840000  0.005338
28.860000  0.010408
28.880000  0.014641
28.900000  0.018364
28.920000  0.019313
28.940000  0.017355
28.960000  0.012663
28.980000  0.008236
29.000000  0.004463
29.020000  0.000158
29.040000  -0.002524
29.060000  -0.003105
29.080000  -0.001881
29.100000  0.000955
29.120000  0.004433
29.140000  0.007626
29.160000  0.010829
29.180000  0.013491
29.200000  0.012512
29.220000  0.007596
29.240000  0.000681
29.260000  -0.004899
29.280000  -0.007163
29.300000  -0.007734
29.320000  -0.009447
29.340000  -0.010753
29.360000  -0.009661
29.380000  -0.007223
29.400000  -0.002185
29.420000  0.002202
29.440000  0.001712
29.460000  0.001049
29.480000  0.004008
29.500000  0.004283
29.520000  0.002876
29.540000  0.003488
29.560000  0.003733
29.580000  0.002387
29.600000  0.002173
29.620000  0.003397
29.640000  0.004795
29.660000  0.006233
29.680000  0.006111
29.700000  0.002480
29.720000  -0.004048
29.740000  -0.008342
29.760000  -0.007006
29.780000  -0.004802
29.800000  -0.004710
29.820000  -0.004537
29.840000  -0.002884
29.860000  -0.000599
29.880000  0.000809
29.900000  0.000442
29.920000  -0.004107
29.940000  -0.010870
29.960000  -0.013858
29.980000  -0.013165
30.000000  -0.011390
30.020000  -0.007728
30.040000  -0.003372
30.060000  -0.000536
30.080000  0.001810
30.100000  0.005013
30.120000  0.004860
30.140000  0.001423
30.160000  0.001505
30.180000  0.004504
30.200000  0.004014
30.220000  -0.002544
30.240000  -0.008429
30.260000  -0.008460
30.280000  -0.005777
30.300000  -0.002482
30.320000  -0.000197
30.340000  0.000139
30.360000  0.000966
30.380000  0.004383
30.400000  0.007341
30.420000  0.007556
30.440000  0.006638
30.460000  0.005200
30.480000  0.002181
30.500000  -0.001267
30.520000  -0.000838
30.540000  0.001875
30.560000  0.002885
30.580000  0.003314
30.600000  0.004558
30.620000  0.006058
30.640000  0.008190
30.660000  0.009812
30.680000  0.008313
30.700000  0.004386
30.720000  0.000572
30.740000  -0.003090
30.760000  -0.007211
30.780000  -0.009526
30.800000  -0.008547
30.820000  -0.005221
30.840000  -0.001508
30.860000  0.000909
30.880000  0.002276
30.900000  0.002674
30.920000  0.000298
30.940000  -0.002905
30.960000  -0.004761
30.980000  -0.006505
31.000000  -0.007178
31.020000  -0.006749
31.040000  -0.009156
31.060000  -0.013522
31.080000  -0.015929
31.100000  -0.016265
31.120000  -0.015929
31.140000  -0.014704
31.160000  -0.012328
31.180000  -0.009676
31.200000  -0.005371
31.220000  0.000270
31.240000  0.003320
31.260000  0.003779
31.280000  0.005819
31.300000  0.009512
31.320000  0.013357
31.340000  0.016040
31.360000  0.016071
31.380000  0.014021
31.400000  0.010910
31.420000  0.006647
31.440000  0.000639
31.460000  -0.006286
31.480000  -0.010040
31.500000  -0.010101
31.520000  -0.008816
31.540000  -0.005582
31.560000  -0.002043
31.580000  -0.000706
31.600000  0.001069
31.620000  0.003782
31.640000  0.005088
31.660000  0.004721
31.680000  0.003752
31.700000  0.002192
31.720000  -0.000950
31.740000  -0.004815
31.760000  -0.007600
31.780000  -0.008844
31.800000  -0.007508
31.820000  -0.002989
31.840000  0.002070
31.860000  0.007477
31.880000  0.011832
31.900000  0.012812
31.920000  0.012567
31.940000  0.010619
31.960000  0.006468
31.980000  0.003143
32.000000  0.000675
32.020000  -0.000733
32.040000  0.000614
32.060000  0.003725
32.080000  0.005796
32.100000  0.005061
32.120000  0.004092
32.140000  0.004521
32.160000  0.005062
32.180000  0.004603
32.200000  0.003971
32.220000  0.004155
32.240000  0.003390
32.260000  0.001982
32.280000  0.001442
32.300000  0.000952
32.320000  -0.001342
32.340000  -0.003596
32.360000  -0.002954
32.380000  -0.001668
32.400000  -0.000760
32.420000  0.001984
32.440000  0.003300
32.460000  0.000097
32.480000  -0.002494
32.500000  -0.003167
32.520000  -0.003993
32.540000  -0.004901
32.560000  -0.004023
32.580000  -0.001065
32.600000  0.002107
32.620000  0.003974
32.640000  0.004250
32.660000  0.003699
32.680000  0.004495
32.700000  0.005770
32.720000  0.005433
32.740000  0.004760
32.760000  0.005832
32.780000  0.006964
32.800000  0.006689
32.820000  0.004914
32.840000  0.003792
32.860000  0.003823
32.880000  0.004190
32.900000  0.003823
32.920000  0.001773
32.940000  -0.001123
32.960000  -0.005417
32.980000  -0.009875
33.000000  -0.011425
33.020000  -0.010813
33.040000  -0.009599
33.060000  -0.008314
33.080000  -0.008313
33.100000  -0.008650
33.120000  -0.007732
33.140000  -0.006059
33.160000  -0.005539
33.180000  -0.007313
33.200000  -0.009108
33.220000  -0.009384
33.240000  -0.009689
33.260000  -0.009751
33.280000  -0.009230
33.300000  -0.008067
33.320000  -0.005170
33.340000  -0.001090
33.360000  0.003337
33.380000  0.007029
33.400000  0.009375
33.420000  0.010263
33.440000  0.009957
33.460000  0.009651
33.480000  0.009131
33.500000  0.007244
33.520000  0.003216
33.540000  -0.000691
33.560000  -0.002394
33.580000  -0.002149
33.600000  -0.000538
33.620000  0.001146
33.640000  0.000289
33.660000  -0.001333
33.680000  -0.000568
33.700000  0.000503
33.720000  -0.000078
33.740000  -0.001271
33.760000  -0.003127
33.780000  -0.003433
33.800000  -0.000904
33.820000  0.002452
33.840000  0.005410
33.860000  0.007185
33.880000  0.006941
33.900000  0.005227
33.920000  0.003432
33.940000  0.000872
33.960000  -0.004381
33.980000  -0.009379
34.000000  -0.010021
34.020000  -0.008675
34.040000  -0.007940
34.060000  -0.006971
34.080000  -0.004737
34.100000  -0.001422
34.120000  0.001536
34.140000  0.004137
34.160000  0.006912
34.180000  0.007881
34.200000  0.006790
34.220000  0.004015
34.240000  0.000384
34.260000  -0.003400
34.280000  -0.006939
34.300000  -0.008734
34.320000  -0.009499
34.340000  -0.009346
34.360000  -0.007551
34.380000  -0.004042
34.400000  -0.000992
34.420000  0.001150
34.440000  0.002670
34.460000  0.004017
34.480000  0.004537
34.500000  0.003527
34.520000  0.002487
34.540000  0.002885
34.560000  0.004537
34.580000  0.005353
34.600000  0.005629
34.620000  0.005782
34.640000  0.006119
34.660000  0.007373
34.680000  0.008281
34.700000  0.009230
34.720000  0.009567
34.740000  0.009506
34.760000  0.008404
34.780000  0.004263
34.800000  -0.000072
34.820000  -0.003917
34.840000  -0.007548
34.860000  -0.009833
34.880000  -0.011169
34.900000  -0.012118
34.920000  -0.012179
34.940000  -0.010690
34.960000  -0.006752
34.980000  -0.002723
35.000000  -0.001805
35.020000  -0.002080
35.040000  -0.001897
35.060000  -0.002019
35.080000  -0.001927
35.100000  -0.001805
35.120000  -0.002325
35.140000  -0.001080
35.160000  0.002612
35.180000  0.005295
35.200000  0.007284
35.220000  0.009385
35.240000  0.011119
35.260000  0.011089
35.280000  0.008100
35.300000  0.004479
35.320000  0.003011
35.340000  0.003041
35.360000  0.002246
35.380000  0.001338
35.400000  0.001063
35.420000  0.001491
35.440000  0.002705
35.460000  0.002613
35.480000  0.001247
35.500000  0.000359
35.520000  0.000910
35.540000  0.001186
35.560000  0.000145
35.580000  0.000023
35.600000  0.001094
35.620000  0.002430
35.640000  0.003410
35.660000  0.003195
35.680000  0.002308
35.700000  0.000666
35.720000  -0.001384
35.740000  -0.002812
35.760000  -0.003699
35.780000  -0.003424
35.800000  -0.002353
35.820000  -0.003026
35.840000  -0.005617
35.860000  -0.008544
35.880000  -0.010625
35.900000  -0.009982
35.920000  -0.006626
35.940000  -0.003791
35.960000  -0.002597
35.980000  -0.000129
36.000000  0.004206
36.020000  0.007705
36.040000  0.010030
36.060000  0.012254
36.080000  0.013743
36.100000  0.015151
36.120000  0.016559
36.140000  0.015396
36.160000  0.011214
36.180000  0.005849
36.200000  -0.000281
36.220000  -0.006381
36.240000  -0.010226
36.260000  -0.012419
36.280000  -0.014367
36.300000  -0.015255
36.320000  -0.013878
36.340000  -0.010042
36.360000  -0.004279
36.380000  0.000912
36.400000  0.003197
36.420000  0.004574
36.440000  0.006033
36.460000  0.006094
36.480000  0.005054
36.500000  0.002586
36.520000  -0.000831
36.540000  -0.002841
36.560000  -0.002994
36.580000  -0.003116
36.600000  -0.004605
36.620000  -0.008022
36.640000  -0.011806
36.660000  -0.014336
36.680000  -0.015162
36.700000  -0.013612
36.720000  -0.009950
36.740000  -0.005370
36.760000  -0.001137
36.780000  0.001760
36.800000  0.003351
36.820000  0.004177
36.840000  0.002892
36.860000  -0.000617
36.880000  -0.003177
36.900000  -0.002687
36.920000  -0.000800
36.940000  0.000577
36.960000  0.001791
36.980000  0.003780
37.000000  0.005391
37.020000  0.006003
37.040000  0.006157
37.060000  0.005086
37.080000  0.003994
37.100000  0.002893
37.120000  0.001036
37.140000  0.000394
37.160000  0.002403
37.180000  0.005024
37.200000  0.006402
37.220000  0.005086
37.240000  0.001220
37.260000  -0.001320
37.280000  -0.001473
37.300000  -0.002350
37.320000  -0.004727
37.340000  -0.006348
37.360000  -0.005400
37.380000  -0.002870
37.400000  -0.001075
37.420000  -0.000463
37.440000  -0.000249
37.460000  0.000425
37.480000  0.001343
37.500000  0.000884
37.520000  -0.001738
37.540000  -0.004522
37.560000  -0.005828
37.580000  -0.006746
37.600000  -0.007266
37.620000  -0.006562
37.640000  -0.005124
37.660000  -0.002595
37.680000  -0.000096
37.700000  0.000088
37.720000  -0.001677
37.740000  -0.003451
37.760000  -0.004063
37.780000  -0.004339
37.800000  -0.005032
37.820000  -0.005277
37.840000  -0.002625
37.860000  0.003015
37.880000  0.008748
37.900000  0.011369
37.920000  0.010910
37.940000  0.009697
37.960000  0.007861
37.980000  0.005300
38.000000  0.002465
38.020000  0.000058
38.040000  -0.001982
38.060000  -0.002747
38.080000  -0.001442
38.100000  0.001006
38.120000  0.004239
38.140000  0.007412
38.160000  0.008656
38.180000  0.009115
38.200000  0.010033
38.220000  0.010186
38.240000  0.008748
38.260000  0.006066
38.280000  0.002434
38.300000  -0.001227
38.320000  -0.003604
38.340000  -0.004247
38.360000  -0.003788
38.380000  -0.002258
38.400000  -0.000340
38.420000  0.000761
38.440000  0.001822
38.460000  0.002924
38.480000  0.003383
38.500000  0.003750
38.520000  0.003505
38.540000  0.002281
38.560000  0.000547
38.580000  -0.000922
38.600000  -0.001707
38.620000  -0.003084
38.640000  -0.005124
38.660000  -0.006654
38.680000  -0.007541
38.700000  -0.008113
38.720000  -0.008143
38.740000  -0.007327
38.760000  -0.005736
38.780000  -0.003972
38.800000  -0.002166
38.820000  -0.001411
38.840000  -0.001136
38.860000  -0.001860
38.880000  -0.005032
38.900000  -0.008327
38.920000  -0.009490
38.940000  -0.008756
38.960000  -0.006685
38.980000  -0.004064
39.000000  -0.001228
39.020000  0.002250
39.040000  0.006646
39.060000  0.010818
39.080000  0.013205
39.100000  0.013807
39.120000  0.013603
39.140000  0.012807
39.160000  0.011124
39.180000  0.008136
39.200000  0.004331
39.220000  0.000302
39.240000  -0.003482
39.260000  -0.006348
39.280000  -0.007297
39.300000  -0.005859
39.320000  -0.002962
39.340000  -0.000310
39.360000  0.000761
39.380000  0.000455
39.400000  -0.000096
39.420000  -0.000739
39.440000  -0.002044
39.460000  -0.003758
39.480000  -0.003636
39.500000  -0.001535
39.520000  0.000393
39.540000  0.002800
39.560000  0.002892
39.580000  0.000638
39.600000  0.001464
39.620000  0.001036
39.640000  0.001158
39.660000  0.004626
39.680000  0.003168
39.700000  -0.000127
39.720000  0.000546
39.740000  0.005024
39.760000  0.008227
39.780000  -0.001259
39.800000  -0.010103
39.820000  -0.005768
39.840000  0.001403
39.860000  0.005758
39.880000  -0.000586
39.900000  -0.008665
39.920000  -0.007176
39.940000  -0.000005
39.960000  0.002096
39.980000  -0.003881
40.000000  -0.004942
40.020000  0.002616
40.040000  0.007767
40.060000  0.006890
40.080000  0.003289
40.100000  0.002769
40.120000  0.004870
40.140000  0.002249
40.160000  -0.002504
40.180000  -0.003637
40.200000  -0.000801
40.220000  0.001729
40.240000  0.000239
40.260000  -0.002260
40.280000  -0.001230
40.300000  0.001851
40.320000  0.002861
40.340000  0.000515
40.360000  -0.003361
40.380000  -0.005157
40.400000  -0.004820
40.420000  -0.005585
40.440000  -0.007085
40.460000  -0.005830
40.480000  -0.002842
40.500000  -0.001709
40.520000  -0.001709
40.540000  -0.002015
40.560000  -0.001322
40.580000  -0.000251
40.600000  -0.001771
40.620000  -0.004127
40.640000  -0.003852
40.660000  -0.002811
40.680000  -0.002720
40.700000  0.000238
40.720000  0.003319
40.740000  0.004992
40.760000  0.006981
40.780000  0.007644
40.800000  0.008164
40.820000  0.009235
40.840000  0.007735
40.860000  0.004053
40.880000  0.000697
40.900000  -0.001863
40.920000  -0.001322
40.940000  0.001850
40.960000  0.001819
40.980000  -0.000680
41.000000  -0.000619
41.020000  0.001523
41.040000  0.002553
41.060000  0.002370
41.080000  -0.000527
41.100000  -0.004668
41.120000  -0.006413
41.140000  -0.006198
41.160000  -0.005097
41.180000  -0.002475
41.200000  0.001727
41.220000  0.005725
41.240000  0.006398
41.260000  0.004297
41.280000  0.002767
41.300000  0.001604
41.320000  -0.002292
41.340000  -0.008361
41.360000  -0.011656
41.380000  -0.009983
41.400000  -0.004343
41.420000  0.001788
41.440000  0.002247
41.460000  -0.000558
41.480000  0.003164
41.500000  0.011029
41.520000  0.013263
41.540000  0.009509
41.560000  0.005296
41.580000  0.003470
41.600000  0.001430
41.620000  -0.002140
41.640000  -0.002905
41.660000  -0.002935
41.680000  -0.006873
41.700000  -0.011167
41.720000  -0.010229
41.740000  -0.004884
41.760000  -0.000834
41.780000  -0.001202
41.800000  -0.004129
41.820000  -0.002446
41.840000  0.006734
41.860000  0.015914
41.880000  0.017372
41.900000  0.012283
41.920000  0.007132
41.940000  0.004235
41.960000  0.000298
41.980000  -0.005006
42.000000  -0.009036
42.020000  -0.011412
42.040000  -0.011076
42.060000  -0.006292
42.080000  0.001031
42.100000  0.007733
42.120000  0.011823
42.140000  0.012986
42.160000  0.012007
42.180000  0.007672
42.200000  0.000450
42.220000  -0.007149
42.240000  -0.015319
42.260000  -0.021388
42.280000  -0.018951
42.300000  -0.006446
42.320000  0.012465
42.340000  0.028908
42.360000  0.034579
42.380000  0.028265
42.400000  0.015026
42.420000  -0.000988
42.440000  -0.016574
42.460000  -0.027090
42.480000  -0.031548
42.500000  -0.030997
42.520000  -0.024745
42.540000  -0.012913
42.560000  0.001092
42.580000  0.011302
42.600000  0.015086
42.620000  0.013740
42.640000  0.008834
42.660000  0.004172
42.680000  0.000969
42.700000  -0.000561
42.720000  0.001092
42.740000  0.003652
42.760000  0.003315
42.780000  0.000418
42.800000  -0.002601
42.820000  -0.004559
42.840000  -0.004947
42.860000  -0.003305
42.880000  -0.000010
42.900000  0.003590
42.920000  0.004926
42.940000  0.003927
42.960000  0.001275
42.980000  -0.002081
43.000000  -0.005773
43.020000  -0.009466
43.040000  -0.010170
43.060000  -0.007905
43.080000  -0.004795
43.100000  -0.000715
43.120000  0.004171
43.140000  0.007252
43.160000  0.006701
43.180000  0.004294
43.200000  0.001846
43.220000  0.000785
43.240000  0.002121
43.260000  0.004232
43.280000  0.005446
43.300000  0.006364
43.320000  0.007098
43.340000  0.006639
43.360000  0.004171
43.380000  -0.000103
43.400000  -0.005101
43.420000  -0.008885
43.440000  -0.010803
43.460000  -0.010864
43.480000  -0.008916
43.500000  -0.006080
43.520000  -0.004010
43.540000  -0.002939
43.560000  -0.002419
43.580000  -0.002817
43.600000  -0.003582
43.620000  -0.004704
43.640000  -0.006325
43.660000  -0.006968
43.680000  -0.005316
43.700000  -0.002205
43.720000  0.000600
43.740000  0.002793
43.760000  0.004568
43.780000  0.005017
43.800000  0.004139
43.820000  0.002824
43.840000  0.001538
43.860000  0.000600
43.880000  0.000753
43.900000  0.001600
43.920000  0.002242
43.940000  0.002609
43.960000  0.002181
43.980000  0.001365
44.000000  0.000600
44.020000  -0.000563
44.040000  -0.002144
44.060000  -0.003705
44.080000  -0.003735
44.100000  -0.001838
44.120000  0.000906
44.140000  0.004323
44.160000  0.007311
44.180000  0.008617
44.200000  0.008617
44.220000  0.007280
44.240000  0.004955
44.260000  0.002425
44.280000  -0.000563
44.300000  -0.003215
44.320000  -0.005470
44.340000  -0.007092
44.360000  -0.007153
44.380000  -0.005715
44.400000  -0.003613
44.420000  -0.001451
44.440000  0.000109
44.460000  0.000905
44.480000  0.000997
44.500000  0.000201
44.520000  -0.000870
44.540000  -0.002175
44.560000  -0.003430
44.580000  -0.003583
44.600000  -0.002359
44.620000  0.000079
44.640000  0.002884
44.660000  0.006025
44.680000  0.009411
44.700000  0.011360
44.720000  0.010391
44.740000  0.007555
44.760000  0.005627
44.780000  0.004587
44.800000  0.002700
44.820000  0.000109
44.840000  -0.002115
44.860000  -0.003920
44.880000  -0.005256
44.900000  -0.005562
44.920000  -0.005348
44.940000  -0.004675
44.960000  -0.003706
44.980000  -0.002727
45.000000  -0.001146
45.020000  0.001180
45.040000  0.003067
45.060000  0.003954
45.080000  0.004138
45.100000  0.003679
45.120000  0.002944
45.140000  0.002424
45.160000  0.001363
45.180000  -0.000503
45.200000  -0.001901
45.220000  -0.002696
45.240000  -0.003064
45.260000  -0.003125
45.280000  -0.003400
45.300000  -0.003921
45.320000  -0.004380
45.340000  -0.004706
45.360000  -0.004645
45.380000  -0.004196
45.400000  -0.003064
45.420000  -0.001024
45.440000  0.000628
45.460000  0.001485
45.480000  0.001750
45.500000  0.001424
45.520000  0.000690
45.540000  -0.000137
45.560000  -0.000932
45.580000  -0.001269
45.600000  -0.000259
45.620000  0.000812
45.640000  0.001720
45.660000  0.002117
45.680000  0.002179
45.700000  0.002668
45.720000  0.003433
45.740000  0.002852
45.760000  0.000322
45.780000  -0.002116
45.800000  -0.004043
45.820000  -0.005502
45.840000  -0.005992
45.860000  -0.005655
45.880000  -0.003799
45.900000  -0.000963
45.920000  0.001056
45.940000  0.001995
45.960000  0.002362
45.980000  0.002148
46.000000  0.001750
46.020000  0.001566
46.040000  0.000934
46.060000  0.000169
46.080000  0.000046
46.100000  0.000046
46.120000  -0.000045
46.140000  0.000077
46.160000  0.000383
46.180000  0.000199
46.200000  -0.000321
46.220000  -0.000994
46.240000  -0.000963
46.260000  0.000352
46.280000  0.001423
46.300000  0.001454
46.320000  0.001056
46.340000  0.000322
46.360000  0.000169
46.380000  0.000413
46.400000  0.000230
46.420000  0.000107
46.440000  0.000995
46.460000  0.002147
46.480000  0.003096
46.500000  0.004045
46.520000  0.004504
46.540000  0.004534
46.560000  0.004442
46.580000  0.003922
46.600000  0.003004
46.620000  0.002239
46.640000  0.002147
46.660000  0.001933
46.680000  0.001362
46.700000  0.001423
46.720000  0.002300
46.740000  0.003341
46.760000  0.003555
46.780000  0.002147
46.800000  -0.000199
46.820000  -0.001841
46.840000  -0.002851
46.860000  -0.004044
46.880000  -0.004738
46.900000  -0.004646
46.920000  -0.004197
46.940000  -0.003555
46.960000  -0.002759
46.980000  -0.002147
47.000000  -0.000994
47.020000  0.001178
47.040000  0.003096
47.060000  0.003738
47.080000  0.003218
47.100000  0.002270
47.120000  0.001056
47.140000  -0.000382
47.160000  -0.001780
47.180000  -0.002239
47.200000  -0.001239
47.220000  0.000168
47.240000  0.000750
47.260000  0.001300
47.280000  0.002300
47.300000  0.003034
47.320000  0.003096
47.340000  0.002300
47.360000  0.000811
47.380000  -0.000230
47.400000  -0.000627
47.420000  -0.000597
47.440000  -0.000138
47.460000  0.000597
47.480000  0.001963
47.500000  0.003677
47.520000  0.004646
47.540000  0.004136
47.560000  0.002576
47.580000  0.000474
47.600000  -0.001627
47.620000  -0.003432
47.640000  -0.005472
47.660000  -0.007584
47.680000  -0.008675
47.700000  -0.008094
47.720000  -0.006482
47.740000  -0.004616
47.760000  -0.003249
47.780000  -0.002086
47.800000  -0.000383
47.820000  0.001392
47.840000  0.002239
47.860000  0.002178
47.880000  0.001596
47.900000  0.000994
47.920000  0.000933
47.940000  0.001147
47.960000  0.000841
47.980000  0.000413
48.000000  0.000107
48.020000  -0.000015
48.040000  0.000107
48.060000  -0.000138
48.080000  -0.000995
48.100000  -0.002667
48.120000  -0.005411
48.140000  -0.007941
48.160000  -0.009287
48.180000  -0.009563
48.200000  -0.009195
48.220000  -0.007523
48.240000  -0.004197
48.260000  -0.000199
48.280000  0.003769
48.300000  0.006543
48.320000  0.007522
48.340000  0.007492
48.360000  0.007635
48.380000  0.007635
48.400000  0.006146
48.420000  0.004014
48.440000  0.002576
48.460000  0.001515
48.480000  0.000413
48.500000  -0.000811
48.520000  -0.002116
48.540000  -0.002545
48.560000  -0.002147
48.580000  -0.001780
48.600000  -0.001933
48.620000  -0.001780
48.640000  -0.000474
48.660000  0.000872
48.680000  0.001596
48.700000  0.001596
48.720000  0.001331
48.740000  0.001658
48.760000  0.002239
48.780000  0.002117
48.800000  0.001484
48.820000  0.000750
48.840000  -0.000107
48.860000  -0.001147
48.880000  -0.001902
48.900000  -0.002116
48.920000  -0.001810
48.940000  -0.001086
48.960000  -0.000015
48.980000  0.001025
49.000000  0.001811
49.020000  0.001627
49.040000  0.000536
49.060000  -0.000076
49.080000  -0.000199
49.100000  -0.000413
49.120000  -0.000443
49.140000  -0.000199
49.160000  0.000781
49.180000  0.002331
49.200000  0.003647
49.220000  0.004616
49.240000  0.005075
49.260000  0.004585
49.280000  0.003616
49.300000  0.002790
49.320000  0.002484
49.340000  0.002821
49.360000  0.003219
49.380000  0.002913
49.400000  0.001454
49.420000  -0.000229
49.440000  -0.001239
49.460000  -0.001545
49.480000  -0.001810
49.500000  -0.002085
49.520000  -0.002085
49.540000  -0.002177
49.560000  -0.002544
49.580000  -0.002820
49.600000  -0.003217
49.620000  -0.003768
49.640000  -0.003676
49.660000  -0.003034
49.680000  -0.002820
49.700000  -0.003126
49.720000  -0.003217
49.740000  -0.002942
49.760000  -0.002636
49.780000  -0.002789
49.800000  -0.002575
49.820000  -0.001718
49.840000  -0.000902
49.860000  -0.000535
49.880000  -0.000810
49.900000  -0.001565
49.920000  -0.001565
49.940000  -0.001055
49.960000  -0.000841
49.980000  -0.000626
50.000000  -0.000473
50.020000  -0.000657
50.040000  -0.001361
50.060000  -0.002391
50.080000  -0.003370
50.100000  -0.004013
50.120000  -0.004472
50.140000  -0.004135
50.160000  -0.003462
50.180000  -0.002605
50.200000  -0.001238
50.220000  0.000231
50.240000  0.001393
50.260000  0.002087
50.280000  0.003036
50.300000  0.004198
50.320000  0.004678
50.340000  0.004382
50.360000  0.004076
50.380000  0.003862
50.400000  0.003097
50.420000  0.001567
50.440000  -0.000075
50.460000  -0.001452
50.480000  -0.002023
50.500000  -0.001330
50.520000  0.000261
50.540000  0.001873
50.560000  0.003067
50.580000  0.003770
50.600000  0.003434
50.620000  0.002149
50.640000  0.000690
50.660000  -0.000412
50.680000  -0.001115
50.700000  -0.001544
50.720000  -0.001992
50.740000  -0.002757
50.760000  -0.003155
50.780000  -0.003278
50.800000  -0.003002
50.820000  -0.001839
50.840000  -0.000320
50.860000  0.000813
50.880000  0.001751
50.900000  0.003097
50.920000  0.004801
50.940000  0.005841
50.960000  0.006086
50.980000  0.006025
51.000000  0.005444
51.020000  0.004138
51.040000  0.001813
51.060000  -0.000748
51.080000  -0.002910
51.100000  -0.003736
51.120000  -0.003277
51.140000  -0.002512
51.160000  -0.001482
51.180000  -0.000625
51.200000  -0.000595
51.220000  -0.001054
51.240000  -0.001329
51.260000  -0.001329
51.280000  -0.001390
51.300000  -0.001482
51.320000  -0.001023
51.340000  -0.000013
51.360000  0.001211
51.380000  0.001905
51.400000  0.002180
51.420000  0.002211
51.440000  0.002517
51.460000  0.002945
51.480000  0.002547
51.500000  0.001456
51.520000  0.000630
51.540000  0.000569
51.560000  0.000202
51.580000  -0.000778
51.600000  -0.001328
51.620000  -0.001655
51.640000  -0.002114
51.660000  -0.002420
51.680000  -0.002634
51.700000  -0.002175
51.720000  -0.000900
51.740000  0.000508
51.760000  0.001456
51.780000  0.002272
51.800000  0.002701
51.820000  0.002242
51.840000  0.001395
51.860000  0.000294
51.880000  -0.001053
51.900000  -0.001777
51.920000  -0.001481
51.940000  -0.000869
51.960000  -0.000165
51.980000  0.000998
52.000000  0.001487
52.020000  0.001365
52.040000  0.001028
52.060000  0.000416
52.080000  -0.000196
52.100000  -0.001236
52.120000  -0.002480
52.140000  -0.003276
52.160000  -0.003490
52.180000  -0.003062
52.200000  -0.002541
52.220000  -0.002144
52.240000  -0.001776
52.260000  -0.001685
52.280000  -0.001450
52.300000  -0.000379
52.320000  0.000998
52.340000  0.001967
52.360000  0.002763
52.380000  0.003314
52.400000  0.003864
52.420000  0.004385
52.440000  0.004354
52.460000  0.004140
52.480000  0.004385
52.500000  0.004742
52.520000  0.004415
52.540000  0.003161
52.560000  0.001815
52.580000  0.000907
52.600000  0.000234
52.620000  -0.000409
52.640000  -0.000929
52.660000  -0.001143
52.680000  -0.001541
52.700000  -0.002051
52.720000  -0.002082
52.740000  -0.001929
52.760000  -0.002449
52.780000  -0.003153
52.800000  -0.003244
52.820000  -0.002632
52.840000  -0.001388
52.860000  -0.000072
52.880000  0.000418
52.900000  0.000540
52.920000  0.000693
52.940000  -0.000102
52.960000  -0.001928
52.980000  -0.003642
53.000000  -0.004376
53.020000  -0.003703
53.040000  -0.002142
53.060000  -0.000561
53.080000  0.000693
53.100000  0.001570
53.120000  0.002060
53.140000  0.001693
53.160000  0.000816
53.180000  -0.000041
53.200000  -0.000622
53.220000  -0.000561
53.240000  -0.000102
53.260000  0.000449
53.280000  0.001030
53.300000  0.001214
53.320000  0.000877
53.340000  0.000571
53.360000  0.000388
53.380000  0.000296
53.400000  0.000663
53.420000  0.001122
53.440000  0.001724
53.460000  0.002520
53.480000  0.003346
53.500000  0.004203
53.520000  0.004774
53.540000  0.004866
53.560000  0.004539
53.580000  0.003560
53.600000  0.002000
53.620000  0.000480
53.640000  -0.000591
53.660000  -0.001897
53.680000  -0.003335
53.700000  -0.003977
53.720000  -0.003732
53.740000  -0.003426
53.760000  -0.003151
53.780000  -0.002906
53.800000  -0.002998
53.820000  -0.003212
53.840000  -0.003396
53.860000  -0.003457
53.880000  -0.003273
53.900000  -0.002937
53.920000  -0.002508
53.940000  -0.001866
53.960000  -0.000805
53.980000  0.000572
54.000000  0.001460
54.020000  0.001847
54.040000  0.001909
54.060000  0.001970
54.080000  0.002123
54.100000  0.001939
54.120000  0.001368
54.140000  0.001032
54.160000  0.001215
54.180000  0.001572
54.200000  0.001399
54.220000  0.000817
54.240000  0.000634
54.260000  0.000756
54.280000  0.000787
54.300000  0.000787
54.320000  0.000695
54.340000  0.000267
54.360000  -0.000345
54.380000  -0.000835
54.400000  -0.001079
54.420000  -0.000804
54.440000  -0.000100
54.460000  0.000634
54.480000  0.001522
54.500000  0.002307
54.520000  0.002797
54.540000  0.002797
54.560000  0.002521
54.580000  0.002674
54.600000  0.002919
54.620000  0.002522
54.640000  0.001573
54.660000  0.000420
54.680000  -0.000712
54.700000  -0.001538
54.720000  -0.002079
54.740000  -0.002507
54.760000  -0.002599
54.780000  -0.002384
54.800000  -0.001925
54.820000  -0.001201
54.840000  -0.000650
54.860000  -0.000620
54.880000  -0.000864
54.900000  -0.001017
54.920000  -0.001201
54.940000  -0.001711
54.960000  -0.002048
54.980000  -0.002139
55.000000  -0.002262
55.020000  -0.001986
55.040000  -0.001446
55.060000  -0.001293
55.080000  -0.001446
55.100000  -0.001109
55.120000  -0.000313
55.140000  0.000482
55.160000  0.001064
55.180000  0.001727
55.200000  0.002431
55.220000  0.003257
55.240000  0.004083
55.260000  0.004481
55.280000  0.004450
55.300000  0.003930
55.320000  0.002890
55.340000  0.001462
55.360000  -0.000190
55.380000  -0.001292
55.400000  -0.001863
55.420000  -0.001986
55.440000  -0.001771
55.460000  -0.001506
55.480000  -0.001078
55.500000  -0.000466
55.520000  0.000146
55.540000  0.000299
55.560000  -0.000007
55.580000  -0.000802
55.600000  -0.001802
55.620000  -0.002475
55.640000  -0.002444
55.660000  -0.002108
55.680000  -0.001710
55.700000  -0.001353
55.720000  -0.001169
55.740000  -0.000986
55.760000  -0.000863
55.780000  -0.000741
55.800000  -0.000496
55.820000  -0.000404
55.840000  -0.000649
55.860000  -0.000894
55.880000  -0.000985
55.900000  -0.000955
55.920000  -0.000924
55.940000  -0.000955
55.960000  -0.000649
55.980000  0.000178
56.000000  0.000881
56.020000  0.000637
56.040000  -0.000189
56.060000  -0.000954
56.080000  -0.001413
56.100000  -0.001322
56.120000  -0.000863
56.140000  -0.000557
56.160000  -0.000189
56.180000  0.000392
56.200000  0.000606
56.220000  0.000270
56.240000  -0.000434
56.260000  -0.001046
56.280000  -0.001260
56.300000  -0.001107
56.320000  -0.000709
56.340000  -0.000097
56.360000  0.000362
56.380000  0.000698
56.400000  0.001004
56.420000  0.001372
56.440000  0.001851
56.460000  0.002035
56.480000  0.001668
56.500000  0.000790
56.520000  0.000178
56.540000  -0.000281
56.560000  -0.000954
56.580000  -0.001474
56.600000  -0.001413
56.620000  -0.001045
56.640000  -0.000617
56.660000  0.000026
56.680000  0.000454
56.700000  0.000607
56.720000  0.000087
56.740000  -0.001015
56.760000  -0.001953
56.780000  -0.002228
56.800000  -0.001953
56.820000  -0.001229
56.840000  -0.000188
56.860000  0.000791
56.880000  0.001790
56.900000  0.002647
56.920000  0.002709
56.940000  0.002219
56.960000  0.001342
56.980000  -0.000035
57.000000  -0.001677
57.020000  -0.003085
57.040000  -0.003880
57.060000  -0.003880
57.080000  -0.003268
57.100000  -0.002106
57.120000  -0.000525
57.140000  0.001036
57.160000  0.002219
57.180000  0.002801
57.200000  0.002495
57.220000  0.001434
57.240000  0.000210
57.260000  -0.000494
57.280000  -0.000830
57.300000  -0.000892
57.320000  -0.000708
57.340000  -0.000463
57.360000  -0.000218
57.380000  -0.000065
57.400000  -0.000341
57.420000  -0.000830
57.440000  -0.001014
57.460000  -0.000677
57.480000  -0.000126
57.500000  0.000333
57.520000  0.000975
57.540000  0.001944
57.560000  0.002832
57.580000  0.002954
57.600000  0.002801
57.620000  0.002740
57.640000  0.002495
57.660000  0.002159
57.680000  0.001669
57.700000  0.001282
57.720000  0.001159
57.740000  0.000853
57.760000  0.000119
57.780000  -0.000769
57.800000  -0.001472
57.820000  -0.001646
57.840000  -0.001921
57.860000  -0.002502
57.880000  -0.002502
57.900000  -0.001982
57.920000  -0.001411
57.940000  -0.000891
57.960000  -0.000432
57.980000  0.000058
58.000000  0.000670
58.020000  0.001221
58.040000  0.001404
58.060000  0.001343
58.080000  0.001160
58.100000  0.001037
58.120000  0.000854
58.140000  0.000762
58.160000  0.000823
58.180000  0.000945
58.200000  0.001405
58.220000  0.001609
58.240000  0.001221
58.260000  0.000915
58.280000  0.000701
58.300000  0.000670
58.320000  0.000946
58.340000  0.001160
58.360000  0.001252
58.380000  0.001313
58.400000  0.001609
58.420000  0.001884
58.440000  0.002221
58.460000  0.002557
58.480000  0.002221
58.500000  0.001609
58.520000  0.001221
58.540000  0.000732
58.560000  0.000212
58.580000  0.000120
58.600000  0.000059
58.620000  -0.000003
58.640000  0.000059
58.660000  -0.000156
58.680000  -0.000217
58.700000  0.000181
58.720000  0.000701
58.740000  0.001068
58.760000  0.001466
58.780000  0.001793
58.800000  0.001670
58.820000  0.001099
58.840000  0.000610
58.860000  0.000671
58.880000  0.001038
58.900000  0.001313
58.920000  0.001405
58.940000  0.001314
58.960000  0.001008
58.980000  0.000243
59.000000  -0.000828
59.020000  -0.001675
59.040000  -0.002042
59.060000  -0.002103
59.080000  -0.002042
59.100000  -0.001889
59.120000  -0.001644
59.140000  -0.001552
59.160000  -0.001858
59.180000  -0.002073
59.200000  -0.002103
59.220000  -0.001767
59.240000  -0.001471
59.260000  -0.001767
59.280000  -0.001410
59.300000  -0.000675
59.320000  -0.000247
59.340000  0.000182
59.360000  0.001008
59.380000  0.001732
59.400000  0.001824
59.420000  0.001498
59.440000  0.000580
59.460000  -0.000400
59.480000  -0.001012
59.500000  -0.001256
59.520000  -0.001379
59.540000  -0.001287
59.560000  -0.000675
59.580000  0.000121
59.600000  0.000702
59.620000  0.001406
59.640000  0.001977
59.660000  0.001763
59.680000  0.000855
59.700000  -0.000185
59.720000  -0.001042
59.740000  -0.001889
59.760000  -0.002378
59.780000  -0.002439
59.800000  -0.002072
59.820000  -0.001470
59.840000  -0.001134
59.860000  -0.000981
59.880000  -0.000828
59.900000  -0.000858
59.920000  -0.000919
59.940000  -0.000828
59.960000  -0.001103
59.980000  -0.001348
60.000000  -0.001134
60.020000  -0.000766
60.040000  -0.000277
60.060000  0.000274
60.080000  0.000672
60.100000  0.000672
60.120000  0.000335
60.140000  0.000029
60.160000  -0.000430
60.180000  -0.001348
60.200000  -0.001980
60.220000  -0.001766
60.240000  -0.001133
60.260000  -0.000338
60.280000  0.000427
60.300000  0.001009
60.320000  0.001284
60.340000  0.001610
60.360000  0.001733
60.380000  0.001437
60.400000  0.001131
60.420000  0.000886
60.440000  0.000978
60.460000  0.001437
60.480000  0.001947
60.500000  0.002498
60.520000  0.002835
60.540000  0.002712
60.560000  0.002314
60.580000  0.001733
60.600000  0.000917
60.620000  0.000213
60.640000  -0.000735
60.660000  -0.001674
60.680000  -0.002378
60.700000  -0.003051
60.720000  -0.003969
60.740000  -0.004520
60.760000  -0.004581
60.780000  -0.004214
60.800000  -0.003632
60.820000  -0.003296
60.840000  -0.002959
60.860000  -0.002286
60.880000  -0.001470
60.900000  -0.001011
60.920000  -0.000735
60.940000  -0.000338
60.960000  -0.000154
60.980000  -0.000246
61.000000  -0.000521
61.020000  -0.000735
61.040000  -0.000184
61.060000  0.000458
61.080000  0.000703
61.100000  0.001101
61.120000  0.001254
61.140000  0.001499
61.160000  0.001672
61.180000  0.001407
61.200000  0.001499
61.220000  0.001794
61.240000  0.001886
61.260000  0.001550
61.280000  0.001499
61.300000  0.001376
61.320000  0.000428
61.340000  -0.000827
61.360000  -0.001888
61.380000  -0.001979
61.400000  -0.001949
61.420000  -0.001918
61.440000  -0.001500
61.460000  -0.001408
61.480000  -0.001194
61.500000  -0.000888
61.520000  -0.000613
61.540000  -0.000398
61.560000  0.000305
61.580000  0.001162
61.600000  0.001101
61.620000  0.000795
61.640000  0.001070
61.660000  0.001285
61.680000  0.000764
61.700000  -0.000154
61.720000  -0.000062
61.740000  0.000887
61.760000  0.001580
61.780000  0.002468
61.800000  0.003110
61.820000  0.003325
61.840000  0.003508
61.860000  0.003141
61.880000  0.001886
61.900000  0.000734
61.920000  0.000979
61.940000  0.001346
61.960000  0.000489
61.980000  0.000214
62.000000  0.000397
62.020000  0.000183
62.040000  -0.000062
62.060000  -0.000368
62.080000  -0.001286
62.100000  -0.001979
62.120000  -0.002224
62.140000  -0.002285
62.160000  -0.001551
62.180000  -0.000337
62.200000  0.000765
62.220000  0.001101
62.240000  0.000673
62.260000  0.000428
62.280000  0.000336
62.300000  0.000244
62.320000  0.000061
62.340000  0.000183
62.360000  0.000244
62.380000  -0.000245
62.400000  -0.000765
62.420000  -0.001408
62.440000  -0.002499
62.460000  -0.003479
62.480000  -0.002805
62.500000  -0.001408
62.520000  -0.000368
62.540000  0.000734
62.560000  0.001499
62.580000  0.001948
62.600000  0.002223
62.620000  0.001764
62.640000  0.000887
62.660000  -0.000000
62.680000  -0.000521
62.700000  -0.001102
62.720000  -0.002102
62.740000  -0.002530
62.760000  -0.002346
62.780000  -0.002836
62.800000  -0.003234
62.820000  -0.002561
62.840000  -0.001469
62.860000  -0.000153
62.880000  0.000489
62.900000  0.000673
62.920000  0.001672
62.940000  0.002805
62.960000  0.003233
62.980000  0.002927
63.000000  0.002713
63.020000  0.003417
63.040000  0.003692
63.060000  0.003386
63.080000  0.003049
63.100000  0.002376
63.120000  0.001530
63.140000  0.001101
63.160000  0.000765
63.180000  0.000153
63.200000  -0.000459
63.220000  -0.000888
63.240000  -0.001377
63.260000  -0.001500
63.280000  -0.000918
63.300000  -0.000215
63.320000  0.000673
63.340000  0.001550
63.360000  0.001917
63.380000  0.001825
63.400000  0.001795
63.420000  0.001550
63.440000  0.001132
63.460000  0.001377
63.480000  0.002070
63.500000  0.002376
63.520000  0.002407
63.540000  0.002101
63.560000  0.001315
63.580000  0.000428
63.600000  -0.000398
63.620000  -0.000918
63.640000  -0.001255
63.660000  -0.001530
63.680000  -0.001530
63.700000  -0.001857
63.720000  -0.003020
63.740000  -0.004060
63.760000  -0.004335
63.780000  -0.004305
63.800000  -0.004060
63.820000  -0.003142
63.840000  -0.001857
63.860000  -0.000551
63.880000  0.000765
63.900000  0.001530
63.920000  0.001734
63.940000  0.001642
63.960000  0.001285
63.980000  0.000826
64.000000  0.000795
64.020000  0.001162
64.040000  0.001407
64.060000  0.001764
64.080000  0.002162
64.100000  0.002040
64.120000  0.001407
64.140000  0.000520
64.160000  -0.000306
64.180000  -0.000765
64.200000  -0.000949
64.220000  -0.001071
64.240000  -0.001102
64.260000  -0.000888
64.280000  -0.000521
64.300000  -0.000368
64.320000  0.000061
64.340000  0.000765
64.360000  0.000887
64.380000  0.000275
64.400000  -0.000582
64.420000  -0.001347
64.440000  -0.001581
64.460000  -0.001500
64.480000  -0.001551
64.500000  -0.001377
64.520000  -0.000857
64.540000  -0.000368
64.560000  -0.000031
64.580000  -0.000000
64.600000  -0.000000
64.620000  0.000091
64.640000  -0.000000
64.660000  -0.000245
64.680000  -0.000704
64.700000  -0.000919
64.720000  -0.000796
64.740000  -0.000154
64.760000  0.000550
64.780000  0.000948
64.800000  0.000887
64.820000  0.000458
64.840000  0.000397
64.860000  0.000550
64.880000  0.000458
64.900000  0.000550
64.920000  0.000734
64.940000  0.000642
64.960000  0.000244
64.980000  -0.000582
65.000000  -0.001102
65.020000  -0.000949
65.040000  -0.000613
65.060000  -0.000184
65.080000  0.000183
65.100000  0.000458
65.120000  0.000611
65.140000  0.000550
65.160000  0.000275
65.180000  0.000244
65.200000  0.000611
65.220000  0.000673
65.240000  0.000214
65.260000  -0.000184
65.280000  -0.000368
65.300000  -0.000215
65.320000  0.000122
65.340000  0.000091
65.360000  -0.000307
65.380000  -0.000949
65.400000  -0.001643
65.420000  -0.002224
65.440000  -0.002775
65.460000  -0.003112
65.480000  -0.003112
65.500000  -0.002683
65.520000  -0.001888
65.540000  -0.000858
65.560000  0.000213
65.580000  0.001284
65.600000  0.002345
65.620000  0.003049
65.640000  0.003202
65.660000  0.002835
65.680000  0.002009
65.700000  0.000826
65.720000  -0.000429
65.740000  -0.001531
65.760000  -0.002408
65.780000  -0.003204
65.800000  -0.003693
65.820000  -0.003907
65.840000  -0.003785
65.860000  -0.003387
65.880000  -0.003051
65.900000  -0.002775
65.920000  -0.002377
65.940000  -0.002071
65.960000  -0.001612
65.980000  -0.001102
66.000000  -0.000613
66.020000  -0.000276
66.040000  -0.000001
66.060000  0.000122
66.080000  0.000397
66.100000  0.000856
66.120000  0.001131
66.140000  0.000856
66.160000  0.000305
66.180000  0.000030
66.200000  0.000244
66.220000  0.000795
66.240000  0.001162
66.260000  0.001580
66.280000  0.002131
66.300000  0.002284
66.320000  0.002162
66.340000  0.002161
66.360000  0.001611
66.380000  0.000611
66.400000  0.000152
66.420000  -0.000552
66.440000  -0.001103
66.460000  -0.001164
66.480000  -0.001256
66.500000  -0.001194
66.520000  -0.001103
66.540000  -0.001011
66.560000  -0.000674
66.580000  -0.000154
66.600000  0.000274
66.620000  0.000825
66.640000  0.001192
66.660000  0.001192
66.680000  0.001131
66.700000  0.000795
66.720000  0.000152
66.740000  -0.000154
66.760000  -0.000093
66.780000  0.000121
66.800000  0.000703
66.820000  0.001437
66.840000  0.002100
66.860000  0.002406
66.880000  0.002284
66.900000  0.002100
66.920000  0.001978
66.940000  0.002070
66.960000  0.002284
66.980000  0.002223
67.000000  0.002100
67.020000  0.001733
67.040000  0.000917
67.060000  0.000060
67.080000  -0.000858
67.100000  -0.002011
67.120000  -0.002623
67.140000  -0.002561
67.160000  -0.002102
67.180000  -0.001164
67.200000  -0.000032
67.220000  0.000764
67.240000  0.001580
67.260000  0.001825
67.280000  0.001468
67.300000  0.001315
67.320000  0.001070
67.340000  0.001284
67.360000  0.001468
67.380000  0.001345
67.400000  0.001641
67.420000  0.002008
67.440000  0.001916
67.460000  0.001529
67.480000  0.001131
67.500000  0.000366
67.520000  -0.000093
67.540000  -0.000001
67.560000  -0.000246
67.580000  -0.000674
67.600000  -0.001256
67.620000  -0.001949
67.640000  -0.002439
67.660000  -0.002531
67.680000  -0.002011
67.700000  -0.001256
67.720000  -0.000675
67.740000  -0.000154
67.760000  0.000060
67.780000  -0.000063
67.800000  -0.000399
67.820000  -0.000858
67.840000  -0.001164
67.860000  -0.001011
67.880000  -0.001042
67.900000  -0.001256
67.920000  -0.000950
67.940000  -0.000185
67.960000  0.000488
67.980000  0.001100
68.000000  0.001610
68.020000  0.001855
68.040000  0.001886
68.060000  0.001671
68.080000  0.001376
68.100000  0.001284
68.120000  0.001100
68.140000  0.000764
68.160000  0.000152
68.180000  -0.000644
68.200000  -0.001225
68.220000  -0.001531
68.240000  -0.001582
68.260000  -0.001378
68.280000  -0.001011
68.300000  -0.000828
68.320000  -0.000767
68.340000  -0.000644
68.360000  -0.000614
68.380000  -0.000797
68.400000  -0.001103
68.420000  -0.001164
68.440000  -0.000797
68.460000  -0.000277
68.480000  0.000060
68.500000  0.000396
68.520000  0.001039
68.540000  0.001549
68.560000  0.001498
68.580000  0.000916
68.600000  0.000549
68.620000  0.000121
68.640000  -0.000246
68.660000  -0.000399
68.680000  -0.000308
68.700000  -0.000063
68.720000  0.000121
68.740000  0.000243
68.760000  0.000335
68.780000  0.000304
68.800000  0.000060
68.820000  -0.000246
68.840000  -0.000644
68.860000  -0.000828
68.880000  -0.000491
68.900000  -0.000338
68.920000  -0.000461
68.940000  -0.000369
68.960000  -0.000246
68.980000  -0.000216
69.000000  -0.000185
69.020000  0.000182
69.040000  0.000457
69.060000  0.000641
69.080000  0.000702
69.100000  0.000672
69.120000  0.000794
69.140000  0.001039
69.160000  0.001192
69.180000  0.001284
69.200000  0.001345
69.220000  0.001436
69.240000  0.001406
69.260000  0.001161
69.280000  0.000671
69.300000  0.000243
69.320000  -0.000216
69.340000  -0.000706
69.360000  -0.000920
69.380000  -0.000859
69.400000  -0.000614
69.420000  0.000059
69.440000  0.000947
69.460000  0.001671
69.480000  0.002069
69.500000  0.001946
69.520000  0.001763
69.540000  0.001579
69.560000  0.001222
69.580000  0.000886
69.600000  0.000641
69.620000  0.000518
69.640000  0.000794
69.660000  0.000916
69.680000  0.000886
69.700000  0.001100
69.720000  0.001222
69.740000  0.001039
69.760000  0.000488
69.780000  -0.000308
69.800000  -0.001318
69.820000  -0.002287
69.840000  -0.002807
69.860000  -0.003021
69.880000  -0.002807
69.900000  -0.002317
69.920000  -0.001501
69.940000  -0.000706
69.960000  -0.000277
69.980000  -0.000032
70.000000  0.000029
70.020000  -0.000032
70.040000  -0.000002
70.060000  0.000121
70.080000  0.000304
70.100000  0.000243
70.120000  -0.000155
70.140000  -0.000644
70.160000  -0.001195
70.180000  -0.001165
70.200000  -0.000798
70.220000  -0.001012
70.240000  -0.001165
70.260000  -0.000920
70.280000  -0.000706
70.300000  -0.000889
70.320000  -0.001012
70.340000  -0.001073
70.360000  -0.001012
70.380000  -0.000920
70.400000  -0.001012
70.420000  -0.000859
70.440000  -0.000492
70.460000  -0.000247
70.480000  0.000029
70.500000  -0.000063
70.520000  -0.000063
70.540000  0.000212
70.560000  0.000518
70.580000  0.000641
70.600000  0.000610
70.620000  0.000794
70.640000  0.000426
70.660000  -0.000767
70.680000  -0.001318
70.700000  -0.001318
70.720000  -0.001675
70.740000  -0.002226
70.760000  -0.002409
70.780000  -0.002470
70.800000  -0.002654
70.820000  -0.002807
70.840000  -0.002562
70.860000  -0.002042
70.880000  -0.001501
70.900000  -0.001195
70.920000  -0.001287
70.940000  -0.001379
70.960000  -0.001165
70.980000  -0.000828
71.000000  -0.000583
71.020000  -0.000400
71.040000  -0.000002
71.060000  0.000518
71.080000  0.001253
71.100000  0.001671
71.120000  0.001671
71.140000  0.001579
71.160000  0.000885
71.180000  0.000059
71.200000  -0.000400
71.220000  -0.000461
71.240000  0.000029
71.260000  0.000549
71.280000  0.001100
71.300000  0.001610
71.320000  0.002069
71.340000  0.002099
71.360000  0.002069
71.380000  0.002497
71.400000  0.002956
71.420000  0.003048
71.440000  0.002650
71.460000  0.002283
71.480000  0.002344
71.500000  0.002405
71.520000  0.002038
71.540000  0.001191
71.560000  0.000702
71.580000  0.000702
71.600000  0.000212
71.620000  -0.000614
71.640000  -0.001287
71.660000  -0.002348
71.680000  -0.003603
71.700000  -0.004092
71.720000  -0.003909
71.740000  -0.003542
71.760000  -0.002960
71.780000  -0.002195
71.800000  -0.000981
71.820000  0.000334
71.840000  0.001038
71.860000  0.001069
71.880000  0.000579
71.900000  0.000426
71.920000  0.000794
71.940000  0.000855
71.960000  0.000396
71.980000  0.000151
72.000000  0.000396
72.020000  0.000824
72.040000  0.001375
72.060000  0.002099
72.080000  0.002374
72.100000  0.001916
72.120000  0.000732
72.140000  -0.000889
72.160000  -0.002348
72.180000  -0.003052
72.200000  -0.002991
72.220000  -0.002348
72.240000  -0.001532
72.260000  -0.000920
72.280000  -0.000859
72.300000  -0.001349
72.320000  -0.001532
72.340000  -0.000737
72.360000  0.000151
72.380000  0.000579
72.400000  0.001161
72.420000  0.001977
72.440000  0.002405
72.460000  0.002374
72.480000  0.001915
72.500000  0.001579
72.520000  0.001854
72.540000  0.002558
72.560000  0.003017
72.580000  0.003048
72.600000  0.002956
72.620000  0.002558
72.640000  0.001671
72.660000  0.001008
72.680000  0.001130
72.700000  0.001497
72.720000  0.001762
72.740000  0.002344
72.760000  0.003017
72.780000  0.003476
72.800000  0.003660
72.820000  0.003354
72.840000  0.002558
72.860000  0.001763
72.880000  0.001069
72.900000  0.000273
72.920000  -0.000277
72.940000  -0.000094
72.960000  0.000335
72.980000  0.000151
73.000000  -0.000981
73.020000  -0.002501
73.040000  -0.003144
73.060000  -0.003052
73.080000  -0.002593
73.100000  -0.002256
73.120000  -0.002134
73.140000  -0.001614
73.160000  -0.001257
73.180000  -0.001379
73.200000  -0.001532
73.220000  -0.001644
73.240000  -0.001287
73.260000  -0.000584
73.280000  0.000243
73.300000  0.001191
73.320000  0.002068
73.340000  0.002742
73.360000  0.003170
73.380000  0.003201
73.400000  0.002925
73.420000  0.002466
73.440000  0.001854
73.460000  0.001671
73.480000  0.001763
73.500000  0.001854
73.520000  0.001763
73.540000  0.001314
73.560000  0.000641
73.580000  0.000243
73.600000  -0.000002
73.620000  -0.000614
73.640000  -0.001043
73.660000  -0.001226
73.680000  -0.001502
73.700000  -0.001553
73.720000  -0.001349
73.740000  -0.001471
73.760000  -0.001644
73.780000  -0.001410
73.800000  -0.000859
73.820000  -0.000522
73.840000  -0.000553
73.860000  -0.000798
73.880000  -0.000951
73.900000  -0.001287
73.920000  -0.002012
73.940000  -0.002593
73.960000  -0.002777
73.980000  -0.002715
74.000000  -0.002501
74.020000  -0.002440
74.040000  -0.002134
74.060000  -0.001583
74.080000  -0.001287
74.100000  -0.001134
74.120000  -0.000767
74.140000  -0.000094
74.160000  0.000426
74.180000  0.000518
74.200000  0.000549
74.220000  0.000671
74.240000  0.000396
74.260000  -0.000124
74.280000  -0.000798
74.300000  -0.001440
74.320000  -0.001736
74.340000  -0.001767
74.360000  -0.001828
74.380000  -0.001859
74.400000  -0.001410
74.420000  -0.000798
74.440000  -0.000645
74.460000  -0.000492
74.480000  0.000181
74.500000  0.000855
74.520000  0.001008
74.540000  0.001069
74.560000  0.001130
74.580000  0.001130
74.600000  0.001283
74.620000  0.001467
74.640000  0.001497
74.660000  0.001191
74.680000  0.000640
74.700000  0.000181
74.720000  -0.000278
74.740000  -0.000798
74.760000  -0.001287
74.780000  -0.001379
74.800000  -0.001043
74.820000  -0.000461
74.840000  -0.000063
74.860000  0.000028
74.880000  0.000090
74.900000  0.000304
74.920000  0.000243
74.940000  -0.000094
74.960000  -0.000308
74.980000  -0.000369
75.000000  -0.000461
75.020000  -0.000339
75.040000  0.000181
75.060000  0.000763
75.080000  0.001130
75.100000  0.001405
75.120000  0.001548
75.140000  0.001405
75.160000  0.000855
75.180000  0.000059
75.200000  -0.000431
75.220000  -0.000828
75.240000  -0.001043
75.260000  -0.001043
75.280000  -0.001257
75.300000  -0.001614
75.320000  -0.002134
75.340000  -0.002532
75.360000  -0.002868
75.380000  -0.003052
75.400000  -0.002777
75.420000  -0.002379
75.440000  -0.001553
75.460000  -0.000216
75.480000  0.001038
75.500000  0.002068
75.520000  0.002803
75.540000  0.003292
75.560000  0.003507
75.580000  0.003292
75.600000  0.002925
75.620000  0.002864
75.640000  0.002864
75.660000  0.002742
75.680000  0.002680
75.700000  0.002313
75.720000  0.001610
75.740000  0.000610
75.760000  -0.000369
75.780000  -0.000920
75.800000  -0.001226
75.820000  -0.001502
75.840000  -0.001736
75.860000  -0.001889
75.880000  -0.001828
75.900000  -0.001706
75.920000  -0.001583
75.940000  -0.001502
75.960000  -0.001644
75.980000  -0.001828
76.000000  -0.002012
76.020000  -0.002012
76.040000  -0.001981
76.060000  -0.001920
76.080000  -0.001767
76.100000  -0.001471
76.120000  -0.000828
76.140000  -0.000400
76.160000  -0.000369
76.180000  -0.000431
76.200000  -0.000431
76.220000  -0.000125
76.240000  0.000181
76.260000  0.000304
76.280000  0.000824
76.300000  0.001528
76.320000  0.002221
76.340000  0.002895
76.360000  0.003262
76.380000  0.003292
76.400000  0.002956
76.420000  0.002466
76.440000  0.001854
76.460000  0.001161
76.480000  0.000518
76.500000  -0.000278
76.520000  -0.001073
76.540000  -0.001287
76.560000  -0.001287
76.580000  -0.001257
76.600000  -0.001104
76.620000  -0.000890
76.640000  -0.000645
76.660000  -0.000369
76.680000  -0.000431
76.700000  -0.000890
76.720000  -0.001134
76.740000  -0.001349
76.760000  -0.001410
76.780000  -0.001318
76.800000  -0.000890
76.820000  -0.000155
76.840000  0.000426
76.860000  0.000946
76.880000  0.001497
76.900000  0.001701
76.920000  0.001436
76.940000  0.000977
76.960000  0.000640
76.980000  0.000610
77.000000  0.000549
77.020000  0.000396
77.040000  0.000090
77.060000  -0.000278
77.080000  -0.000278
77.100000  -0.000125
77.120000  -0.000094
77.140000  -0.000216
77.160000  -0.000400
77.180000  -0.000522
77.200000  -0.000859
77.220000  -0.001257
77.240000  -0.001532
77.260000  -0.001767
77.280000  -0.001889
77.300000  -0.001797
77.320000  -0.001644
77.340000  -0.001226
77.360000  -0.000522
77.380000  -0.000216
77.400000  -0.000216
77.420000  0.000151
77.440000  0.000304
77.460000  0.000090
77.480000  -0.000033
77.500000  -0.000033
77.520000  0.000028
77.540000  0.000212
77.560000  0.000181
77.580000  0.000028
77.600000  0.000059
77.620000  0.000120
77.640000  0.000059
77.660000  -0.000125
77.680000  -0.000308
77.700000  -0.000431
77.720000  -0.000461
77.740000  -0.000461
77.760000  -0.000247
77.780000  0.000059
77.800000  0.000212
77.820000  0.000273
77.840000  0.000334
77.860000  0.000273
77.880000  0.000212
77.900000  0.000028
77.920000  -0.000094
77.940000  -0.000155
77.960000  -0.000339
77.980000  -0.000553
78.000000  -0.000553
78.020000  -0.000216
78.040000  -0.000002
78.060000  0.000059
78.080000  0.000243
78.100000  0.000518
78.120000  0.000793
78.140000  0.000977
78.160000  0.000916
78.180000  0.000579
78.200000  0.000426
78.220000  0.000549
78.240000  0.000702
78.260000  0.001069
78.280000  0.001405
78.300000  0.001946
78.320000  0.002405
78.340000  0.002497
78.360000  0.002252
78.380000  0.001793
78.400000  0.001467
78.420000  0.001222
78.440000  0.000885
78.460000  0.000702
78.480000  0.000793
78.500000  0.000702
78.520000  0.000702
78.540000  0.000763
78.560000  0.000824
78.580000  0.000855
78.600000  0.000671
78.620000  0.000487
78.640000  0.000518
78.660000  0.000732
78.680000  0.000793
78.700000  0.000793
78.720000  0.000824
78.740000  0.000946
78.760000  0.001222
78.780000  0.001283
78.800000  0.001314
78.820000  0.001222
78.840000  0.001130
78.860000  0.001161
78.880000  0.000640
78.900000  0.000059
78.920000  -0.000308
78.940000  -0.000614
78.960000  -0.000920
78.980000  -0.001104
79.000000  -0.001257
79.020000  -0.001288
79.040000  -0.001226
79.060000  -0.001196
79.080000  -0.001104
79.100000  -0.001104
79.120000  -0.001226
79.140000  -0.001553
79.160000  -0.001798
79.180000  -0.001767
79.200000  -0.001614
79.220000  -0.001349
79.240000  -0.001135
79.260000  -0.000951
79.280000  -0.000523
79.300000  0.000028
79.320000  0.000242
79.340000  0.000579
79.360000  0.001222
79.380000  0.001793
79.400000  0.001976
79.420000  0.001793
79.440000  0.001405
79.460000  0.001099
79.480000  0.000793
79.500000  0.000579
79.520000  0.000579
79.540000  0.000701
79.560000  0.000824
79.580000  0.000610
79.600000  0.000396
79.620000  0.000334
79.640000  0.000365
79.660000  0.000181
79.680000  -0.000155
79.700000  -0.000339
79.720000  -0.000523
79.740000  -0.000400
79.760000  -0.000247
79.780000  -0.000217
79.800000  -0.000155
79.820000  -0.000033
79.840000  0.000304
79.860000  0.000732
79.880000  0.000916
79.900000  0.000977
79.920000  0.000854
79.940000  0.000518
79.960000  0.000089
79.980000  -0.000461
80.000000  -0.000829
80.020000  -0.001073
80.040000  -0.001073
80.060000  -0.001135
80.080000  -0.001196
80.100000  -0.001135
80.120000  -0.001104
80.140000  -0.001288
80.160000  -0.001502
80.180000  -0.001583
80.200000  -0.001502
80.220000  -0.001349
80.240000  -0.001257
80.260000  -0.001135
80.280000  -0.001073
80.300000  -0.001043
80.320000  -0.000890
80.340000  -0.000706
80.360000  -0.000553
80.380000  -0.000431
80.400000  -0.000308
80.420000  -0.000339
80.440000  -0.000308
80.460000  0.000089
80.480000  0.000426
80.500000  0.000426
80.520000  0.000457
80.540000  0.000457
80.560000  0.000120
80.580000  -0.000002
80.600000  0.000151
80.620000  0.000151
80.640000  -0.000002
80.660000  -0.000094
80.680000  -0.000278
80.700000  -0.000461
80.720000  -0.000339
80.740000  -0.000186
80.760000  -0.000400
80.780000  -0.000553
80.800000  -0.000676
80.820000  -0.000676
80.840000  -0.000523
80.860000  -0.000553
80.880000  -0.000737
80.900000  -0.000492
80.920000  -0.000278
80.940000  -0.000461
80.960000  -0.000461
80.980000  -0.000308
81.000000  -0.000033
81.020000  -0.000002
81.040000  -0.000186
81.060000  -0.000094
81.080000  -0.000094
81.100000  -0.000155
81.120000  -0.000308
81.140000  -0.000492
81.160000  -0.000461
81.180000  -0.000186
81.200000  0.000151
81.220000  -0.000064
81.240000  -0.000217
81.260000  -0.000033
81.280000  -0.000002
81.300000  -0.000155
81.320000  -0.000431
81.340000  -0.000339
81.360000  -0.000094
81.380000  -0.000186
81.400000  -0.000125
81.420000  0.000120
81.440000  0.000548
81.460000  0.000977
81.480000  0.000977
81.500000  0.000916
81.520000  0.001099
81.540000  0.000946
81.560000  0.000518
81.580000  -0.000033
81.600000  -0.000370
81.620000  -0.000339
81.640000  -0.000339
81.660000  -0.000492
81.680000  -0.000829
81.700000  -0.000951
81.720000  -0.000706
81.740000  -0.000584
81.760000  -0.000676
81.780000  -0.000614
81.800000  -0.000339
81.820000  -0.000094
81.840000  0.000151
81.860000  -0.000002
81.880000  -0.000339
81.900000  -0.000217
81.920000  0.000151
81.940000  0.000610
81.960000  0.001222
81.980000  0.001793
82.000000  0.002221
82.020000  0.002741
82.040000  0.002864
82.060000  0.002527
82.080000  0.002007
82.100000  0.001466
82.120000  0.000946
82.140000  0.000242
82.160000  -0.000523
82.180000  -0.000798
82.200000  -0.000523
82.220000  -0.000217
82.240000  -0.000400
82.260000  -0.000737
82.280000  -0.000584
82.300000  0.000151
82.320000  0.000916
82.340000  0.001283
82.360000  0.001222
82.380000  0.001222
82.400000  0.001313
82.420000  0.001222
82.440000  0.000946
82.460000  0.000640
82.480000  0.000518
82.500000  0.000487
82.520000  0.000457
82.540000  0.000518
82.560000  0.000518
82.580000  0.000304
82.600000  -0.000094
82.620000  -0.000186
82.640000  0.000120
82.660000  0.000212
82.680000  -0.000094
82.700000  -0.000461
82.720000  -0.000767
82.740000  -0.000798
82.760000  -0.000614
82.780000  -0.000706
82.800000  -0.000982
82.820000  -0.001226
82.840000  -0.001257
82.860000  -0.000982
82.880000  -0.000767
82.900000  -0.000706
82.920000  -0.000492
82.940000  0.000120
82.960000  0.000610
82.980000  0.000579
83.000000  0.000334
83.020000  -0.000064
83.040000  -0.000400
83.060000  -0.000553
83.080000  -0.000553
83.100000  -0.000553
83.120000  -0.000370
83.140000  -0.000155
83.160000  0.000181
83.180000  0.000518
83.200000  0.000732
83.220000  0.000701
83.240000  0.000242
83.260000  -0.000645
83.280000  -0.001410
83.300000  -0.001736
83.320000  -0.002012
83.340000  -0.002195
83.360000  -0.002195
83.380000  -0.001951
83.400000  -0.001645
83.420000  -0.001318
83.440000  -0.001226
83.460000  -0.001349
83.480000  -0.001349
83.500000  -0.001257
83.520000  -0.001226
83.540000  -0.001318
83.560000  -0.001349
83.580000  -0.001196
83.600000  -0.000798
83.620000  -0.000308
83.640000  -0.000094
83.660000  0.000028
83.680000  0.000273
83.700000  0.000487
83.720000  0.000457
83.740000  0.000487
83.760000  0.000487
83.780000  0.000426
83.800000  0.000457
83.820000  0.000518
83.840000  0.000854
83.860000  0.001191
83.880000  0.001436
83.900000  0.001528
83.920000  0.001405
83.940000  0.001161
83.960000  0.000763
83.980000  0.000212
84.000000  -0.000186
84.020000  -0.000308
84.040000  -0.000155
84.060000  0.000090
84.080000  0.000243
84.100000  0.000181
84.120000  0.000028
84.140000  0.000120
84.160000  -0.000155
84.180000  -0.000553
84.200000  -0.000798
84.220000  -0.001043
84.240000  -0.001165
84.260000  -0.001073
84.280000  -0.000859
84.300000  -0.000553
84.320000  -0.000247
84.340000  -0.000063
84.360000  -0.000033
84.380000  0.000212
84.400000  0.000610
84.420000  0.000824
84.440000  0.000916
84.460000  0.000793
84.480000  0.000763
84.500000  0.000824
84.520000  0.000732
84.540000  0.000457
84.560000  0.000273
84.580000  0.000243
84.600000  0.000273
84.620000  0.000426
84.640000  0.000579
84.660000  0.000518
84.680000  0.000426
84.700000  0.000426
84.720000  0.000457
84.740000  0.000396
84.760000  0.000181
84.780000  0.000028
84.800000  -0.000094
84.820000  -0.000278
84.840000  -0.000400
84.860000  -0.000461
84.880000  -0.000339
84.900000  0.000090
84.920000  0.000549
84.940000  0.000610
84.960000  0.000610
84.980000  0.000641
85.000000  0.000365
85.020000  -0.000002
85.040000  -0.000155
85.060000  -0.000124
85.080000  -0.000063
85.100000  -0.000063
85.120000  -0.000339
85.140000  -0.000583
85.160000  -0.000889
85.180000  -0.001165
85.200000  -0.001348
85.220000  -0.001501
85.240000  -0.001471
85.260000  -0.001257
85.280000  -0.001042
85.300000  -0.000889
85.320000  -0.000798
85.340000  -0.000583
85.360000  -0.000461
85.380000  -0.000430
85.400000  -0.000216
85.420000  -0.000033
85.440000  0.000151
85.460000  0.000549
85.480000  0.000947
85.500000  0.001406
85.520000  0.001885
85.540000  0.002191
85.560000  0.002344
85.580000  0.002436
85.600000  0.002344
85.620000  0.002130
85.640000  0.001793
85.660000  0.001406
85.680000  0.000947
85.700000  0.000580
85.720000  0.000335
85.740000  0.000274
85.760000  0.000121
85.780000  0.000059
85.800000  0.000059
85.820000  0.000151
85.840000  0.000182
85.860000  0.000121
85.880000  -0.000063
85.900000  -0.000369
85.920000  -0.000614
85.940000  -0.000614
85.960000  -0.000491
85.980000  -0.000338
86.000000  0.000029
86.020000  0.000427
86.040000  0.000702
86.060000  0.001069
86.080000  0.001100
86.100000  0.000702
86.120000  0.000518
86.140000  0.000518
86.160000  0.000274
86.180000  -0.000002
86.200000  0.000059
86.220000  0.000243
86.240000  0.000365
86.260000  0.000518
86.280000  0.000671
86.300000  0.000580
86.320000  0.000427
86.340000  0.000304
86.360000  0.000090
86.380000  0.000060
86.400000  0.000090
86.420000  -0.000032
86.440000  -0.000093
86.460000  0.000060
86.480000  0.000274
86.500000  0.000580
86.520000  0.000733
86.540000  0.000702
86.560000  0.000794
86.580000  0.001008
86.600000  0.000947
86.620000  0.000825
86.640000  0.000886
86.660000  0.000978
86.680000  0.000886
86.700000  0.000825
86.720000  0.000672
86.740000  0.000457
86.760000  0.000182
86.780000  -0.000002
86.800000  -0.000032
86.820000  -0.000063
86.840000  -0.000093
86.860000  0.000090
86.880000  0.000151
86.900000  0.000121
86.920000  0.000152
86.940000  0.000060
86.960000  0.000182
86.980000  0.000427
87.000000  0.000458
87.020000  0.000366
87.040000  0.000335
87.060000  0.000305
87.080000  0.000182
87.100000  -0.000001
87.120000  0.000152
87.140000  0.000396
87.160000  0.000427
87.180000  0.000335
87.200000  0.000121
87.220000  -0.000246
87.240000  -0.000644
87.260000  -0.000950
87.280000  -0.001103
87.300000  -0.001011
87.320000  -0.000950
87.340000  -0.001042
87.360000  -0.000766
87.380000  -0.000307
87.400000  0.000121
87.420000  0.000274
87.440000  0.000121
87.460000  0.000121
87.480000  -0.000001
87.500000  -0.000491
87.520000  -0.000766
87.540000  -0.001042
87.560000  -0.001286
87.580000  -0.001348
87.600000  -0.001409
87.620000  -0.001378
87.640000  -0.001195
87.660000  -0.001011
87.680000  -0.001164
87.700000  -0.000980
87.720000  -0.000674
87.740000  -0.000766
87.760000  -0.000889
87.780000  -0.000858
87.800000  -0.000736
87.820000  -0.000583
87.840000  -0.000368
87.860000  -0.000093
87.880000  0.000305
87.900000  0.000519
87.920000  0.000458
87.940000  0.000366
87.960000  -0.000032
87.980000  -0.000491
88.000000  -0.000735
88.020000  -0.000858
88.040000  -0.000980
88.060000  -0.001194
88.080000  -0.001439
88.100000  -0.001531
88.120000  -0.001551
88.140000  -0.001735
88.160000  -0.001796
88.180000  -0.001796
88.200000  -0.001827
88.220000  -0.001919
88.240000  -0.001949
88.260000  -0.001613
88.280000  -0.001256
88.300000  -0.001041
88.320000  -0.000919
88.340000  -0.000735
88.360000  -0.000399
88.380000  0.000060
88.400000  0.000244
88.420000  0.000091
88.440000  0.000183
88.460000  0.000336
88.480000  0.000183
88.500000  -0.000001
88.520000  -0.000154
88.540000  -0.000184
88.560000  -0.000062
88.580000  0.000060
88.600000  0.000213
88.620000  0.000366
88.640000  0.000519
88.660000  0.000550
88.680000  0.000428
88.700000  0.000213
88.720000  0.000183
88.740000  0.000275
88.760000  0.000244
88.780000  -0.000001
88.800000  -0.000246
88.820000  -0.000307
88.840000  -0.000399
88.860000  -0.000460
88.880000  -0.000368
88.900000  -0.000184
88.920000  -0.000031
88.940000  -0.000092
88.960000  -0.000031
88.980000  0.000091
89.000000  0.000091
89.020000  0.000061
89.040000  -0.000490
89.060000  -0.000857
89.080000  -0.001072
89.100000  -0.001286
89.120000  -0.001072
89.140000  -0.000674
89.160000  -0.000276
89.180000  0.000489
89.200000  0.000979
89.220000  0.000948
89.240000  0.000856
89.260000  0.000826
89.280000  0.000703
89.300000  0.000428
89.320000  0.000336
89.340000  0.000183
89.360000  -0.000001
89.380000  -0.000001
89.400000  0.000367
89.420000  0.000611
89.440000  0.000642
89.460000  0.001101
89.480000  0.001825
89.500000  0.002040
89.520000  0.002162
89.540000  0.002101
89.560000  0.001856
89.580000  0.001764
89.600000  0.001468
89.620000  0.001132
89.640000  0.000918
89.660000  0.000918
89.680000  0.000826
89.700000  0.000734
89.720000  0.000703
89.740000  0.000734
89.760000  0.000550
89.780000  0.000397
89.800000  0.000489
89.820000  0.000550
89.840000  0.000397
89.860000  0.000122
89.880000  0.000061
89.900000  0.000091
89.920000  0.000336
89.940000  0.000673
89.960000  0.000795
89.980000  0.001071
