0.000000000000000000e+00	0.000000000000000000e+00
2.000000000000000042e-02	9.706749134999999789e-07
4.000000000000000083e-02	-3.600365782999999941e-06
5.999999999999999778e-02	6.638895858999999567e-06
8.000000000000000167e-02	3.352424367999999919e-05
1.000000000000000056e-01	3.962855459000000271e-05
1.199999999999999956e-01	2.372424516999999911e-05
1.400000000000000133e-01	-1.294846500000000072e-05
1.600000000000000033e-01	-7.424421499999999741e-05
1.799999999999999933e-01	-1.461279119999999798e-04
2.000000000000000111e-01	-2.179625399999999950e-04
2.200000000000000011e-01	-3.022232099999999839e-04
2.399999999999999911e-01	-3.985157900000000438e-04
2.600000000000000089e-01	-4.800582000000000178e-04
2.800000000000000266e-01	-5.721736799999999241e-04
2.999999999999999889e-01	-7.170698899999999962e-04
3.200000000000000067e-01	-8.455932899999999862e-04
3.400000000000000244e-01	-9.539406999999999314e-04
3.599999999999999867e-01	-1.077102199999999989e-03
3.800000000000000044e-01	-1.184481399999999952e-03
4.000000000000000222e-01	-1.250638000000000097e-03
4.199999999999999845e-01	-1.276776000000000083e-03
4.400000000000000022e-01	-1.280814000000000128e-03
4.600000000000000200e-01	-1.242880000000000026e-03
4.799999999999999822e-01	-1.130288000000000126e-03
5.000000000000000000e-01	-9.094519999999999384e-04
5.200000000000000178e-01	-5.959410000000000054e-04
5.400000000000000355e-01	-2.515990000000000284e-04
5.600000000000000533e-01	4.295399999999999566e-05
5.799999999999999600e-01	2.770339999999998958e-04
5.999999999999999778e-01	4.334639999999999414e-04
6.199999999999999956e-01	5.776540000000000364e-04
6.400000000000000133e-01	7.222240000000000430e-04
6.600000000000000311e-01	8.895740000000000721e-04
6.800000000000000488e-01	1.143796999999999783e-03
6.999999999999999556e-01	1.369540000000000037e-03
7.199999999999999734e-01	1.546814000000000088e-03
7.399999999999999911e-01	1.635489999999999861e-03
7.600000000000000089e-01	1.609626000000000069e-03
7.800000000000000266e-01	1.489858000000000154e-03
8.000000000000000444e-01	1.332084999999999997e-03
8.199999999999999512e-01	1.155138999999999905e-03
8.399999999999999689e-01	9.399265999999999871e-04
8.599999999999999867e-01	6.487770000000000125e-04
8.800000000000000044e-01	3.387360000000000176e-04
9.000000000000000222e-01	2.809399999999999224e-05
9.200000000000000400e-01	-2.566430000000000295e-04
9.399999999999999467e-01	-4.964380000000000875e-04
9.599999999999999645e-01	-7.978020000000000164e-04
9.799999999999999822e-01	-1.014684999999999979e-03
1.000000000000000000e+00	-1.155868100000000034e-03
1.020000000000000018e+00	-1.302533499999999986e-03
1.040000000000000036e+00	-1.427115599999999838e-03
1.060000000000000053e+00	-1.430035000000000073e-03
1.080000000000000071e+00	-1.387170999999999977e-03
1.100000000000000089e+00	-1.341255999999999872e-03
1.120000000000000107e+00	-1.207368000000000113e-03
1.139999999999999902e+00	-8.547980000000000378e-04
1.159999999999999920e+00	-4.199419999999999716e-04
1.179999999999999938e+00	-6.408200000000002783e-05
1.199999999999999956e+00	3.666100000000000695e-04
1.219999999999999973e+00	9.476909999999998547e-04
1.239999999999999991e+00	1.637143999999999882e-03
1.260000000000000009e+00	2.158547000000000243e-03
1.280000000000000027e+00	2.482144999999999838e-03
1.300000000000000044e+00	2.652301000000000138e-03
1.320000000000000062e+00	2.712893000000000075e-03
1.340000000000000080e+00	2.794967000000000198e-03
1.360000000000000098e+00	2.848761999999999909e-03
1.379999999999999893e+00	2.864690000000000032e-03
1.399999999999999911e+00	2.863459999999999964e-03
1.419999999999999929e+00	2.827510000000000093e-03
1.439999999999999947e+00	2.706650000000000115e-03
1.459999999999999964e+00	2.465970000000000054e-03
1.479999999999999982e+00	2.273307999999999926e-03
1.500000000000000000e+00	2.122318000000000208e-03
1.520000000000000018e+00	1.902585000000000040e-03
1.540000000000000036e+00	1.685567000000000011e-03
1.560000000000000053e+00	1.500172000000000137e-03
1.580000000000000071e+00	1.291971399999999968e-03
1.600000000000000089e+00	1.075504000000000130e-03
1.620000000000000107e+00	8.309349999999998768e-04
1.639999999999999902e+00	6.168230000000000674e-04
1.659999999999999920e+00	4.712559999999999753e-04
1.679999999999999938e+00	3.490649999999999656e-04
1.699999999999999956e+00	2.658299999999998858e-04
1.719999999999999973e+00	1.173100000000000271e-04
1.739999999999999991e+00	-1.901900000000000205e-04
1.760000000000000009e+00	-5.813999999999999290e-04
1.780000000000000027e+00	-9.580090000000001174e-04
1.800000000000000044e+00	-1.258683999999999931e-03
1.820000000000000062e+00	-1.481432999999999882e-03
1.840000000000000080e+00	-1.691762999999999774e-03
1.860000000000000098e+00	-1.874325999999999944e-03
1.879999999999999893e+00	-1.937655999999999840e-03
1.899999999999999911e+00	-1.887436999999999839e-03
1.919999999999999929e+00	-1.807657999999999748e-03
1.939999999999999947e+00	-1.766219999999999986e-03
1.959999999999999964e+00	-1.870869999999999955e-03
1.979999999999999982e+00	-2.155683099999999852e-03
2.000000000000000000e+00	-2.550839000000000058e-03
2.020000000000000018e+00	-3.048969999999999805e-03
2.040000000000000036e+00	-3.564869999999999931e-03
2.060000000000000053e+00	-3.987219999999999653e-03
2.080000000000000071e+00	-4.134129999999999749e-03
2.100000000000000089e+00	-4.046939999999999739e-03
2.120000000000000107e+00	-4.005599999999999786e-03
2.140000000000000124e+00	-4.038090999999999729e-03
2.160000000000000142e+00	-4.129466000000000039e-03
2.180000000000000160e+00	-4.195125000000000069e-03
2.200000000000000178e+00	-4.168381900000000390e-03
2.220000000000000195e+00	-4.208565000000000049e-03
2.240000000000000213e+00	-4.424927999999999848e-03
2.259999999999999787e+00	-4.768069999999999253e-03
2.279999999999999805e+00	-5.033609999999999994e-03
2.299999999999999822e+00	-5.250390000000000612e-03
2.319999999999999840e+00	-5.530509999999999766e-03
2.339999999999999858e+00	-5.795399999999999163e-03
2.359999999999999876e+00	-6.016350000000000170e-03
2.379999999999999893e+00	-6.229009999999999235e-03
2.399999999999999911e+00	-6.282440000000000246e-03
2.419999999999999929e+00	-5.942090000000000566e-03
2.439999999999999947e+00	-5.108319999999999528e-03
2.459999999999999964e+00	-3.640429999999999621e-03
2.479999999999999982e+00	-1.713719999999999306e-03
2.500000000000000000e+00	5.298300000000002313e-04
2.520000000000000018e+00	2.954679999999999893e-03
2.540000000000000036e+00	5.515594400000000536e-03
2.560000000000000053e+00	8.073840000000000530e-03
2.580000000000000071e+00	1.038754999999999887e-02
2.600000000000000089e+00	1.246359000000000009e-02
2.620000000000000107e+00	1.419844999999999961e-02
2.640000000000000124e+00	1.547393000000000032e-02
2.660000000000000142e+00	1.622329000000000132e-02
2.680000000000000160e+00	1.626143000000000033e-02
2.700000000000000178e+00	1.529252999999999862e-02
2.720000000000000195e+00	1.352918999999999997e-02
2.740000000000000213e+00	1.137371000000000042e-02
2.759999999999999787e+00	9.232640999999999765e-03
2.779999999999999805e+00	7.213831999999999883e-03
2.799999999999999822e+00	5.194840000000000915e-03
2.819999999999999840e+00	3.001780000000000333e-03
2.839999999999999858e+00	5.953699999999995801e-04
2.859999999999999876e+00	-1.503810000000000389e-03
2.879999999999999893e+00	-2.974079999999999606e-03
2.899999999999999911e+00	-4.101099999999999884e-03
2.919999999999999929e+00	-5.152349999999999985e-03
2.939999999999999947e+00	-5.958830000000000029e-03
2.959999999999999964e+00	-6.707870000000000325e-03
2.979999999999999982e+00	-7.617382000000000666e-03
3.000000000000000000e+00	-8.660529999999999617e-03
3.020000000000000018e+00	-9.741409999999998959e-03
3.040000000000000036e+00	-1.077494000000000021e-02
3.060000000000000053e+00	-1.186815000000000092e-02
3.080000000000000071e+00	-1.284933000000000082e-02
3.100000000000000089e+00	-1.314689999999999956e-02
3.120000000000000107e+00	-1.231610999999999990e-02
3.140000000000000124e+00	-1.027760299999999974e-02
3.160000000000000142e+00	-6.923539999999999729e-03
3.180000000000000160e+00	-2.337130000000000197e-03
3.200000000000000178e+00	2.540710000000000277e-03
3.220000000000000195e+00	6.797640000000000626e-03
3.240000000000000213e+00	1.034035999999999983e-02
3.259999999999999787e+00	1.292557000000000081e-02
3.279999999999999805e+00	1.458156999999999856e-02
3.299999999999999822e+00	1.577214999999999867e-02
3.319999999999999840e+00	1.687378999999999962e-02
3.339999999999999858e+00	1.817529000000000020e-02
3.359999999999999876e+00	1.905746999999999997e-02
3.379999999999999893e+00	1.876544999999999949e-02
3.399999999999999911e+00	1.698991000000000043e-02
3.419999999999999929e+00	1.352827000000000196e-02
3.439999999999999947e+00	8.733569999999999528e-03
3.459999999999999964e+00	3.669840000000000168e-03
3.479999999999999982e+00	-4.942499999999998977e-04
3.500000000000000000e+00	-3.324469999999999509e-03
3.520000000000000018e+00	-5.026735999999999531e-03
3.540000000000000036e+00	-5.986749999999999884e-03
3.560000000000000053e+00	-6.290490000000000144e-03
3.580000000000000071e+00	-6.027339999999999955e-03
3.600000000000000089e+00	-5.418842100000000571e-03
3.620000000000000107e+00	-4.401120000000000552e-03
3.640000000000000124e+00	-3.206559999999999792e-03
3.660000000000000142e+00	-2.511440000000000200e-03
3.680000000000000160e+00	-2.538699999999999637e-03
3.700000000000000178e+00	-3.024820000000000113e-03
3.720000000000000195e+00	-3.920260000000000064e-03
3.740000000000000213e+00	-5.186429999999999686e-03
3.759999999999999787e+00	-6.821930000000000355e-03
3.779999999999999805e+00	-8.975707899999999309e-03
3.799999999999999822e+00	-1.163978000000000061e-02
3.819999999999999840e+00	-1.441593000000000041e-02
3.839999999999999858e+00	-1.666576000000000168e-02
3.859999999999999876e+00	-1.799902999999999920e-02
3.879999999999999893e+00	-1.809923000000000087e-02
3.899999999999999911e+00	-1.683944000000000066e-02
3.919999999999999929e+00	-1.477973999999999954e-02
3.939999999999999947e+00	-1.251080600000000105e-02
3.959999999999999964e+00	-9.980044000000000415e-03
3.979999999999999982e+00	-6.799399999999998848e-03
4.000000000000000000e+00	-2.976980000000000164e-03
4.019999999999999574e+00	9.765900000000002704e-04
4.040000000000000036e+00	4.599779000000000020e-03
4.059999999999999609e+00	7.707119999999999596e-03
4.080000000000000071e+00	1.007773000000000002e-02
4.099999999999999645e+00	1.128973999999999950e-02
4.120000000000000107e+00	1.118513999999999967e-02
4.139999999999999680e+00	1.010716000000000045e-02
4.160000000000000142e+00	8.548990000000001102e-03
4.179999999999999716e+00	6.771440000000000098e-03
4.200000000000000178e+00	5.019309999999999918e-03
4.219999999999999751e+00	3.570049999999999960e-03
4.240000000000000213e+00	2.552640000000000117e-03
4.259999999999999787e+00	1.826559999999999642e-03
4.280000000000000249e+00	1.116039999999999567e-03
4.299999999999999822e+00	4.279999999999999950e-04
4.320000000000000284e+00	-1.646700000000000073e-04
4.339999999999999858e+00	-7.114899999999999523e-04
4.360000000000000320e+00	-1.152149999999999789e-03
4.379999999999999893e+00	-1.296550000000000046e-03
4.400000000000000355e+00	-1.247369999999999816e-03
4.419999999999999929e+00	-1.433430000000000077e-03
4.440000000000000391e+00	-2.086320000000000015e-03
4.459999999999999964e+00	-3.138550000000000367e-03
4.480000000000000426e+00	-4.159519999999999884e-03
4.500000000000000000e+00	-4.423564000000000489e-03
4.519999999999999574e+00	-3.552003100000000226e-03
4.540000000000000036e+00	-1.682743999999999907e-03
4.559999999999999609e+00	8.826199999999999758e-04
4.580000000000000071e+00	3.775650000000000187e-03
4.599999999999999645e+00	6.575570000000001067e-03
4.620000000000000107e+00	8.659790000000000543e-03
4.639999999999999680e+00	9.447550000000000739e-03
4.660000000000000142e+00	8.907009999999999927e-03
4.679999999999999716e+00	7.538409999999999729e-03
4.700000000000000178e+00	6.068540000000000739e-03
4.719999999999999751e+00	4.982010000000000258e-03
4.740000000000000213e+00	4.202399999999999365e-03
4.759999999999999787e+00	3.466739999999999405e-03
4.780000000000000249e+00	2.686370000000000424e-03
4.799999999999999822e+00	1.743860000000000722e-03
4.820000000000000284e+00	4.960699999999994975e-04
4.839999999999999858e+00	-1.099410000000000318e-03
4.860000000000000320e+00	-2.884409999999999578e-03
4.879999999999999893e+00	-4.556880000000000132e-03
4.900000000000000355e+00	-5.736438999999999427e-03
4.919999999999999929e+00	-6.233255000000000046e-03
4.940000000000000391e+00	-6.274820000000000397e-03
4.959999999999999964e+00	-6.139689999999999731e-03
4.980000000000000426e+00	-5.984770000000000367e-03
5.000000000000000000e+00	-6.022470000000000254e-03
5.019999999999999574e+00	-6.321010000000000170e-03
5.040000000000000036e+00	-6.650526000000000354e-03
5.059999999999999609e+00	-6.666168000000000093e-03
5.080000000000000071e+00	-6.129050000000000470e-03
5.099999999999999645e+00	-5.084729999999999979e-03
5.120000000000000107e+00	-3.779270000000000372e-03
5.139999999999999680e+00	-2.306110000000000972e-03
5.160000000000000142e+00	-4.618199999999999389e-04
5.179999999999999716e+00	1.858090000000000609e-03
5.200000000000000178e+00	4.424999999999999246e-03
5.219999999999999751e+00	6.907360000000000409e-03
5.240000000000000213e+00	9.043720000000001619e-03
5.259999999999999787e+00	1.061476700000000065e-02
5.280000000000000249e+00	1.141146199999999895e-02
5.299999999999999822e+00	1.131182099999999968e-02
5.320000000000000284e+00	1.042773299999999979e-02
5.339999999999999858e+00	9.133409999999999793e-03
5.360000000000000320e+00	7.747140000000000450e-03
5.379999999999999893e+00	6.337289999999999764e-03
5.400000000000000355e+00	4.965830000000000070e-03
5.419999999999999929e+00	3.816809999999999474e-03
5.440000000000000391e+00	2.924579999999999975e-03
5.459999999999999964e+00	2.079899300000000173e-03
5.480000000000000426e+00	1.047975000000000035e-03
5.500000000000000000e+00	-3.240040000000000238e-04
5.519999999999999574e+00	-2.024510000000000198e-03
5.540000000000000036e+00	-3.864760000000000070e-03
5.559999999999999609e+00	-5.592190000000000355e-03
5.580000000000000071e+00	-7.037049999999999556e-03
5.599999999999999645e+00	-8.122879999999998990e-03
5.620000000000000107e+00	-8.737720000000000903e-03
5.639999999999999680e+00	-8.724839999999999332e-03
5.660000000000000142e+00	-8.071619999999999837e-03
5.679999999999999716e+00	-7.006398999999999960e-03
5.700000000000000178e+00	-5.815220000000000285e-03
5.719999999999999751e+00	-4.682030000000000219e-03
5.740000000000000213e+00	-3.730709999999999929e-03
5.759999999999999787e+00	-3.060030000000000042e-03
5.780000000000000249e+00	-2.703420000000000215e-03
5.799999999999999822e+00	-2.648610000000000460e-03
5.820000000000000284e+00	-2.794470000000000287e-03
5.839999999999999858e+00	-2.971810000000000077e-03
5.860000000000000320e+00	-2.980191000000000090e-03
5.879999999999999893e+00	-2.610073000000000081e-03
5.900000000000000355e+00	-1.756443000000000110e-03
5.919999999999999929e+00	-6.004799999999998073e-04
5.940000000000000391e+00	5.364499999999999477e-04
5.959999999999999964e+00	1.519380000000000079e-03
5.980000000000000426e+00	2.419878000000000307e-03
6.000000000000000000e+00	3.402744000000000081e-03
6.019999999999999574e+00	4.454370000000000031e-03
6.040000000000000036e+00	5.424250000000000252e-03
6.059999999999999609e+00	6.243349999999999941e-03
6.080000000000000071e+00	6.960410000000000208e-03
6.099999999999999645e+00	7.584244999999999876e-03
6.120000000000000107e+00	8.005881000000001149e-03
6.139999999999999680e+00	8.077917000000000430e-03
6.160000000000000142e+00	7.786660200000000871e-03
6.179999999999999716e+00	7.332777000000000392e-03
6.200000000000000178e+00	6.915260999999999804e-03
6.219999999999999751e+00	6.603569999999999579e-03
6.240000000000000213e+00	6.424111799999999983e-03
6.259999999999999787e+00	6.379311000000000356e-03
6.280000000000000249e+00	6.403230000000000206e-03
6.299999999999999822e+00	6.405089999999999568e-03
6.320000000000000284e+00	6.276949999999999891e-03
6.339999999999999858e+00	5.925420000000000686e-03
6.360000000000000320e+00	5.253279999999999929e-03
6.379999999999999893e+00	4.149070000000000362e-03
6.400000000000000355e+00	2.616448999999999858e-03
6.419999999999999929e+00	8.005600000000000736e-04
6.440000000000000391e+00	-1.142470000000000031e-03
6.459999999999999964e+00	-3.116359999999999443e-03
6.480000000000000426e+00	-5.037032999999999788e-03
6.500000000000000000e+00	-6.767948599999999530e-03
6.519999999999999574e+00	-8.226218000000000419e-03
6.540000000000000036e+00	-9.481690999999998690e-03
6.559999999999999609e+00	-1.059511999999999954e-02
6.580000000000000071e+00	-1.157317000000000068e-02
6.599999999999999645e+00	-1.239216000000000102e-02
6.620000000000000107e+00	-1.287748000000000018e-02
6.639999999999999680e+00	-1.289790000000000034e-02
6.660000000000000142e+00	-1.239392999999999918e-02
6.679999999999999716e+00	-1.146265999999999952e-02
6.700000000000000178e+00	-1.034118000000000016e-02
6.719999999999999751e+00	-9.130789999999999740e-03
6.740000000000000213e+00	-7.880140000000000755e-03
6.759999999999999787e+00	-6.570789999999999964e-03
6.780000000000000249e+00	-5.209669999999999579e-03
6.799999999999999822e+00	-3.855499999999999986e-03
6.820000000000000284e+00	-2.533179999999999894e-03
6.839999999999999858e+00	-1.284345000000000105e-03
6.860000000000000320e+00	-1.743899999999999617e-04
6.879999999999999893e+00	7.146200000000000122e-04
6.900000000000000355e+00	1.325409999999999956e-03
6.919999999999999929e+00	1.703800000000000106e-03
6.940000000000000391e+00	1.962810000000000596e-03
6.959999999999999964e+00	2.260149999999999833e-03
6.980000000000000426e+00	2.740580000000000273e-03
7.000000000000000000e+00	3.440000000000000349e-03
7.019999999999999574e+00	4.268970000000000403e-03
7.040000000000000036e+00	5.120825999999999330e-03
7.059999999999999609e+00	5.980049999999999776e-03
7.080000000000000071e+00	6.849476000000000175e-03
7.099999999999999645e+00	7.734679999999999854e-03
7.120000000000000107e+00	8.589289999999999425e-03
7.139999999999999680e+00	9.299460000000000712e-03
7.160000000000000142e+00	9.723019999999998886e-03
7.179999999999999716e+00	9.717899999999999802e-03
7.200000000000000178e+00	9.191470000000000196e-03
7.219999999999999751e+00	8.216199999999999892e-03
7.240000000000000213e+00	6.953009999999999920e-03
7.259999999999999787e+00	5.493819999999999953e-03
7.280000000000000249e+00	3.847943999999999844e-03
7.299999999999999822e+00	2.000190999999999688e-03
7.320000000000000284e+00	-1.058599999999999385e-04
7.339999999999999858e+00	-2.507185999999999790e-03
7.360000000000000320e+00	-5.134065000000000156e-03
7.379999999999999893e+00	-7.885239999999999957e-03
7.400000000000000355e+00	-1.065550000000000004e-02
7.419999999999999929e+00	-1.327856999999999996e-02
7.440000000000000391e+00	-1.539714000000000013e-02
7.459999999999999964e+00	-1.659425999999999957e-02
7.480000000000000426e+00	-1.669455999999999718e-02
7.500000000000000000e+00	-1.576433000000000001e-02
7.519999999999999574e+00	-1.395429000000000114e-02
7.540000000000000036e+00	-1.145199000000000043e-02
7.559999999999999609e+00	-8.537470000000000128e-03
7.580000000000000071e+00	-5.490880000000000066e-03
7.599999999999999645e+00	-2.480603999999999969e-03
7.620000000000000107e+00	4.267970000000000270e-04
7.639999999999999680e+00	3.262956000000000016e-03
7.660000000000000142e+00	6.043609999999999607e-03
7.679999999999999716e+00	8.682020000000000362e-03
7.700000000000000178e+00	1.105182000000000039e-02
7.719999999999999751e+00	1.298867000000000077e-02
7.740000000000000213e+00	1.443936000000000178e-02
7.759999999999999787e+00	1.550798999999999928e-02
7.780000000000000249e+00	1.628856999999999874e-02
7.799999999999999822e+00	1.692410000000000095e-02
7.820000000000000284e+00	1.741351000000000010e-02
7.839999999999999858e+00	1.763289999999999996e-02
7.860000000000000320e+00	1.742519000000000012e-02
7.879999999999999893e+00	1.658674000000000259e-02
7.900000000000000355e+00	1.508901999999999986e-02
7.919999999999999929e+00	1.300010999999999875e-02
7.940000000000000391e+00	1.043411999999999985e-02
7.959999999999999964e+00	7.573809999999999397e-03
7.980000000000000426e+00	4.579090000000000070e-03
8.000000000000000000e+00	1.621641999999999962e-03
8.019999999999999574e+00	-1.248350000000000067e-03
8.039999999999999147e+00	-3.988194999999999935e-03
8.060000000000000497e+00	-6.497690000000000410e-03
8.080000000000000071e+00	-8.764959999999998724e-03
8.099999999999999645e+00	-1.071750999999999954e-02
8.119999999999999218e+00	-1.228007000000000057e-02
8.140000000000000568e+00	-1.340633999999999923e-02
8.160000000000000142e+00	-1.407210000000000058e-02
8.179999999999999716e+00	-1.427100000000000070e-02
8.199999999999999289e+00	-1.394769000000000043e-02
8.220000000000000639e+00	-1.305380000000000082e-02
8.240000000000000213e+00	-1.156460000000000127e-02
8.259999999999999787e+00	-9.642869999999999567e-03
8.279999999999999361e+00	-7.515029999999999800e-03
8.300000000000000711e+00	-5.354229999999999753e-03
8.320000000000000284e+00	-3.378904999999999756e-03
8.339999999999999858e+00	-1.809557999999999956e-03
8.359999999999999432e+00	-7.124979999999999942e-04
8.380000000000000782e+00	6.685799999999993484e-05
8.400000000000000355e+00	6.907890000000000297e-04
8.419999999999999929e+00	1.247967999999999907e-03
8.439999999999999503e+00	1.761647999999999990e-03
8.460000000000000853e+00	2.216042000000000099e-03
8.480000000000000426e+00	2.562957999999999729e-03
8.500000000000000000e+00	2.790897000000000083e-03
8.519999999999999574e+00	3.017764000000000037e-03
8.539999999999999147e+00	3.429439999999999746e-03
8.560000000000000497e+00	4.105219999999999703e-03
8.580000000000000071e+00	4.969710000000000447e-03
8.599999999999999645e+00	5.790410000000000175e-03
8.619999999999999218e+00	6.299779999999999616e-03
8.640000000000000568e+00	6.324719999999999821e-03
8.660000000000000142e+00	5.795589999999999770e-03
8.679999999999999716e+00	4.824090000000000496e-03
8.699999999999999289e+00	3.658101999999999882e-03
8.720000000000000639e+00	2.524707000000000166e-03
8.740000000000000213e+00	1.360792999999999899e-03
8.759999999999999787e+00	-3.601999999999988891e-05
8.779999999999999361e+00	-1.636117000000000083e-03
8.800000000000000711e+00	-3.216903000000000123e-03
8.820000000000000284e+00	-4.521030000000000534e-03
8.839999999999999858e+00	-5.456159999999999830e-03
8.859999999999999432e+00	-6.205679999999999877e-03
8.880000000000000782e+00	-6.914710000000000127e-03
8.900000000000000355e+00	-7.516549999999999447e-03
8.919999999999999929e+00	-7.849329999999999849e-03
8.939999999999999503e+00	-7.725489999999999788e-03
8.960000000000000853e+00	-7.112439999999999388e-03
8.980000000000000426e+00	-6.157896999999999850e-03
9.000000000000000000e+00	-5.115732599999999776e-03
9.019999999999999574e+00	-4.180884999999999636e-03
9.039999999999999147e+00	-3.328199999999999908e-03
9.060000000000000497e+00	-2.628410000000000295e-03
9.080000000000000071e+00	-2.126320000000000120e-03
9.099999999999999645e+00	-1.545289999999999945e-03
9.119999999999999218e+00	-7.833000000000000119e-04
9.140000000000000568e+00	-1.142999999999999051e-05
9.160000000000000142e+00	5.848999999999999599e-04
9.179999999999999716e+00	1.055292999999999900e-03
9.199999999999999289e+00	1.634332999999999966e-03
9.220000000000000639e+00	2.289191999999999790e-03
9.240000000000000213e+00	2.832538999999999803e-03
9.259999999999999787e+00	3.312204000000000016e-03
9.279999999999999361e+00	3.911279999999999618e-03
9.300000000000000711e+00	4.568410000000000179e-03
9.320000000000000284e+00	4.927070000000000408e-03
9.339999999999999858e+00	4.792809999999999779e-03
9.359999999999999432e+00	4.317699999999999837e-03
9.380000000000000782e+00	3.635440000000000199e-03
9.400000000000000355e+00	2.828184699999999885e-03
9.419999999999999929e+00	1.964063999999999741e-03
9.439999999999999503e+00	1.124420000000000107e-03
9.460000000000000853e+00	4.525700000000002290e-04
9.480000000000000426e+00	-5.433999999999994390e-05
9.500000000000000000e+00	-4.389999999999997203e-04
9.519999999999999574e+00	-7.172400000000000650e-04
9.539999999999999147e+00	-9.048300000000001307e-04
9.560000000000000497e+00	-8.282699999999998744e-04
9.580000000000000071e+00	-3.269799999999999356e-04
9.599999999999999645e+00	4.598350000000001265e-04
9.619999999999999218e+00	1.294473420000000034e-03
9.640000000000000568e+00	2.048051999999999859e-03
9.660000000000000142e+00	2.696920000000000220e-03
9.679999999999999716e+00	3.218500000000000007e-03
9.699999999999999289e+00	3.622999999999999918e-03
9.720000000000000639e+00	4.067079999999999827e-03
9.740000000000000213e+00	4.559559999999999828e-03
9.759999999999999787e+00	4.856769999999999837e-03
9.779999999999999361e+00	4.770909999999999734e-03
9.800000000000000711e+00	4.355585000000000359e-03
9.820000000000000284e+00	3.719807999999999795e-03
9.839999999999999858e+00	2.856999999999999731e-03
9.859999999999999432e+00	1.843929000000000011e-03
9.880000000000000782e+00	7.919299999999999343e-04
9.900000000000000355e+00	-3.284100000000001168e-04
9.919999999999999929e+00	-1.650383000000000058e-03
9.939999999999999503e+00	-3.160106999999999673e-03
9.960000000000000853e+00	-4.616809999999999838e-03
9.980000000000000426e+00	-5.877089999999999745e-03
1.000000000000000000e+01	-7.022429999999999645e-03
1.001999999999999957e+01	-8.104260000000000283e-03
1.003999999999999915e+01	-8.955000000000001154e-03
1.006000000000000050e+01	-9.410790000000000474e-03
1.008000000000000007e+01	-9.432090000000000612e-03
1.009999999999999964e+01	-9.023740000000000580e-03
1.011999999999999922e+01	-8.294080000000000549e-03
1.014000000000000057e+01	-7.361867999999999711e-03
1.016000000000000014e+01	-6.240533999999999838e-03
1.017999999999999972e+01	-4.908029999999999858e-03
1.019999999999999929e+01	-3.376970000000000405e-03
1.022000000000000064e+01	-1.787019999999999841e-03
1.024000000000000021e+01	-2.688899999999999277e-04
1.025999999999999979e+01	1.223830000000000404e-03
1.027999999999999936e+01	2.710490000000000295e-03
1.030000000000000071e+01	4.111790000000000583e-03
1.032000000000000028e+01	5.427099999999999806e-03
1.033999999999999986e+01	6.677821999999999925e-03
1.035999999999999943e+01	7.817992000000001038e-03
1.038000000000000078e+01	8.782450000000000673e-03
1.040000000000000036e+01	9.525169999999999471e-03
1.041999999999999993e+01	1.004758000000000040e-02
1.043999999999999950e+01	1.041158000000000014e-02
1.046000000000000085e+01	1.066628000000000021e-02
1.048000000000000043e+01	1.075421000000000016e-02
1.050000000000000000e+01	1.066137999999999982e-02
1.051999999999999957e+01	1.039375000000000021e-02
1.053999999999999915e+01	9.891930000000000167e-03
1.056000000000000050e+01	9.151569999999999497e-03
1.058000000000000007e+01	8.191510000000000805e-03
1.059999999999999964e+01	7.061549000000000298e-03
1.061999999999999922e+01	5.861040000000000520e-03
1.064000000000000057e+01	4.621870000000000145e-03
1.066000000000000014e+01	3.268769999999999835e-03
1.067999999999999972e+01	1.699739999999999931e-03
1.069999999999999929e+01	-1.094699999999995330e-04
1.072000000000000064e+01	-2.052209999999999625e-03
1.074000000000000021e+01	-3.944010000000001265e-03
1.075999999999999979e+01	-5.688770000000000979e-03
1.077999999999999936e+01	-7.350019999999998777e-03
1.080000000000000071e+01	-8.974279999999999410e-03
1.082000000000000028e+01	-1.048446100000000047e-02
1.083999999999999986e+01	-1.172809000000000004e-02
1.085999999999999943e+01	-1.255590000000000005e-02
1.088000000000000078e+01	-1.290355999999999968e-02
1.090000000000000036e+01	-1.278199000000000002e-02
1.091999999999999993e+01	-1.222188000000000094e-02
1.093999999999999950e+01	-1.131792000000000041e-02
1.096000000000000085e+01	-1.020362000000000005e-02
1.098000000000000043e+01	-8.903939999999999078e-03
1.100000000000000000e+01	-7.343330000000000343e-03
1.101999999999999957e+01	-5.506920000000000218e-03
1.103999999999999915e+01	-3.480950000000000016e-03
1.106000000000000050e+01	-1.348440999999999919e-03
1.108000000000000007e+01	8.286100000000002404e-04
1.109999999999999964e+01	2.965951000000000091e-03
1.111999999999999922e+01	4.953041000000000041e-03
1.114000000000000057e+01	6.701731000000000701e-03
1.116000000000000014e+01	8.141419999999999907e-03
1.117999999999999972e+01	9.192459999999999520e-03
1.119999999999999929e+01	9.824690000000000506e-03
1.122000000000000064e+01	1.004009999999999972e-02
1.124000000000000021e+01	9.837770000000000889e-03
1.125999999999999979e+01	9.214189999999998840e-03
1.127999999999999936e+01	8.175815999999998945e-03
1.130000000000000071e+01	6.817123599999999790e-03
1.132000000000000028e+01	5.306977000000000048e-03
1.133999999999999986e+01	3.781759999999999896e-03
1.135999999999999943e+01	2.297269999999999694e-03
1.138000000000000078e+01	8.829200000000001457e-04
1.140000000000000036e+01	-4.643399999999999351e-04
1.141999999999999993e+01	-1.773682999999999857e-03
1.143999999999999950e+01	-3.020890000000000034e-03
1.146000000000000085e+01	-4.088899999999999479e-03
1.148000000000000043e+01	-4.871109999999999676e-03
1.150000000000000000e+01	-5.379409999999999401e-03
1.151999999999999957e+01	-5.708933000000000237e-03
1.153999999999999915e+01	-5.973187999999999935e-03
1.156000000000000050e+01	-6.246770599999999785e-03
1.158000000000000007e+01	-6.574564999999999229e-03
1.159999999999999964e+01	-6.980934999999999745e-03
1.161999999999999922e+01	-7.453892000000000156e-03
1.164000000000000057e+01	-7.999016000000001153e-03
1.166000000000000014e+01	-8.640932000000000474e-03
1.167999999999999972e+01	-9.390340999999999966e-03
1.169999999999999929e+01	-1.019582999999999948e-02
1.172000000000000064e+01	-1.091127999999999890e-02
1.174000000000000021e+01	-1.133962999999999985e-02
1.175999999999999979e+01	-1.128513000000000085e-02
1.177999999999999936e+01	-1.063519999999999917e-02
1.180000000000000071e+01	-9.422069999999999404e-03
1.182000000000000028e+01	-7.778290000000000204e-03
1.183999999999999986e+01	-5.857039999999999989e-03
1.185999999999999943e+01	-3.774313999999999968e-03
1.188000000000000078e+01	-1.580181999999999854e-03
1.190000000000000036e+01	7.637499999999999975e-04
1.191999999999999993e+01	3.319670000000000259e-03
1.193999999999999950e+01	6.042920000000000236e-03
1.196000000000000085e+01	8.696759999999999560e-03
1.198000000000000043e+01	1.095149999999999943e-02
1.200000000000000000e+01	1.262803000000000016e-02
1.201999999999999957e+01	1.374406999999999886e-02
1.203999999999999915e+01	1.442863999999999952e-02
1.206000000000000050e+01	1.477573000000000081e-02
1.208000000000000007e+01	1.478049000000000029e-02
1.209999999999999964e+01	1.436060999999999935e-02
1.211999999999999922e+01	1.339540000000000002e-02
1.214000000000000057e+01	1.186125000000000027e-02
1.216000000000000014e+01	9.867710000000000023e-03
1.217999999999999972e+01	7.593322000000000439e-03
1.219999999999999929e+01	5.279468000000000702e-03
1.222000000000000064e+01	3.205010000000000324e-03
1.224000000000000021e+01	1.578120000000000130e-03
1.225999999999999979e+01	4.385999999999999274e-04
1.227999999999999936e+01	-3.234900000000000622e-04
1.230000000000000071e+01	-8.024170000000000391e-04
1.232000000000000028e+01	-1.009612100000000044e-03
1.233999999999999986e+01	-9.335409999999999715e-04
1.235999999999999943e+01	-5.872149999999999809e-04
1.238000000000000078e+01	-3.348999999999995210e-05
1.240000000000000036e+01	6.089300000000001482e-04
1.241999999999999993e+01	1.173750000000000097e-03
1.243999999999999950e+01	1.526420000000000120e-03
1.246000000000000085e+01	1.603020000000000139e-03
1.248000000000000043e+01	1.387199999999999891e-03
1.250000000000000000e+01	9.045899999999998213e-04
1.251999999999999957e+01	2.439300000000002751e-04
1.253999999999999915e+01	-4.755399999999999905e-04
1.256000000000000050e+01	-1.181039999999999954e-03
1.258000000000000007e+01	-1.877900000000000055e-03
1.259999999999999964e+01	-2.590960000000000225e-03
1.261999999999999922e+01	-3.311520000000000089e-03
1.264000000000000057e+01	-4.004139999999999783e-03
1.266000000000000014e+01	-4.608019999999999998e-03
1.267999999999999972e+01	-5.047173000000000284e-03
1.269999999999999929e+01	-5.278403699999999893e-03
1.272000000000000064e+01	-5.305546000000000394e-03
1.274000000000000021e+01	-5.150380000000000409e-03
1.275999999999999979e+01	-4.881789999999999567e-03
1.277999999999999936e+01	-4.602240000000000497e-03
1.280000000000000071e+01	-4.386249999999999524e-03
1.282000000000000028e+01	-4.230816400000000227e-03
1.283999999999999986e+01	-4.096653999999999921e-03
1.285999999999999943e+01	-3.974570000000000186e-03
1.288000000000000078e+01	-3.861289999999999861e-03
1.290000000000000036e+01	-3.740730000000000270e-03
1.291999999999999993e+01	-3.560139999999999832e-03
1.293999999999999950e+01	-3.241229999999999459e-03
1.296000000000000085e+01	-2.722169999999999451e-03
1.298000000000000043e+01	-2.008340000000000819e-03
1.300000000000000000e+01	-1.159839999999999656e-03
1.301999999999999957e+01	-2.305099999999997429e-04
1.303999999999999915e+01	7.598999999999999852e-04
1.306000000000000050e+01	1.810909999999999777e-03
1.308000000000000007e+01	2.916989999999999514e-03
1.309999999999999964e+01	4.062829999999999914e-03
1.311999999999999922e+01	5.202659999999999577e-03
1.314000000000000057e+01	6.272680999999999570e-03
1.316000000000000014e+01	7.228926000000000102e-03
1.317999999999999972e+01	8.039090000000000472e-03
1.319999999999999929e+01	8.620289999999999203e-03
1.322000000000000064e+01	8.851710000000000481e-03
1.324000000000000021e+01	8.692200000000000620e-03
1.325999999999999979e+01	8.238340000000000246e-03
1.327999999999999936e+01	7.604639999999999317e-03
1.330000000000000071e+01	6.821830000000000081e-03
1.332000000000000028e+01	5.883019999999999222e-03
1.333999999999999986e+01	4.782709999999999045e-03
1.335999999999999943e+01	3.483469999999999796e-03
1.338000000000000078e+01	1.960989999999999261e-03
1.340000000000000036e+01	2.771500000000003128e-04
1.341999999999999993e+01	-1.434159999999999428e-03
1.343999999999999950e+01	-3.033929999999999787e-03
1.346000000000000085e+01	-4.437920000000000580e-03
1.348000000000000043e+01	-5.640210000000000536e-03
1.350000000000000000e+01	-6.719039999999999908e-03
1.351999999999999957e+01	-7.765000000000000201e-03
1.353999999999999915e+01	-8.803559999999998470e-03
1.356000000000000050e+01	-9.777710000000000221e-03
1.358000000000000007e+01	-1.058598999999999998e-02
1.359999999999999964e+01	-1.113698422999999903e-02
1.361999999999999922e+01	-1.139085800000000023e-02
1.364000000000000057e+01	-1.134533000000000069e-02
1.366000000000000014e+01	-1.099604000000000033e-02
1.367999999999999972e+01	-1.034666000000000058e-02
1.369999999999999929e+01	-9.405039999999999928e-03
1.372000000000000064e+01	-8.175830000000000250e-03
1.374000000000000021e+01	-6.666349999999999706e-03
1.375999999999999979e+01	-4.907120000000000058e-03
1.377999999999999936e+01	-2.961455999999999898e-03
1.380000000000000071e+01	-8.904599999999998194e-04
1.382000000000000028e+01	1.256639999999999840e-03
1.383999999999999986e+01	3.428499999999999690e-03
1.385999999999999943e+01	5.553699999999999956e-03
1.388000000000000078e+01	7.531394999999999756e-03
1.390000000000000036e+01	9.239048999999999179e-03
1.391999999999999993e+01	1.055213100000000105e-02
1.393999999999999950e+01	1.141506599999999975e-02
1.396000000000000085e+01	1.184988499999999924e-02
1.398000000000000043e+01	1.188579200000000093e-02
1.400000000000000000e+01	1.154940840000000073e-02
1.401999999999999957e+01	1.086795299999999964e-02
1.403999999999999915e+01	9.872345999999998858e-03
1.406000000000000050e+01	8.608711999999999268e-03
1.408000000000000007e+01	7.131409999999999486e-03
1.409999999999999964e+01	5.507700000000000790e-03
1.411999999999999922e+01	3.810259999999999342e-03
1.414000000000000057e+01	2.109499999999999830e-03
1.416000000000000014e+01	4.791999999999999385e-04
1.417999999999999972e+01	-1.018640000000000127e-03
1.419999999999999929e+01	-2.346771599999999871e-03
1.422000000000000064e+01	-3.494200000000000257e-03
1.424000000000000021e+01	-4.484280000000000210e-03
1.425999999999999979e+01	-5.342470000000000205e-03
1.427999999999999936e+01	-6.090400000000000154e-03
1.430000000000000071e+01	-6.765760000000000003e-03
1.432000000000000028e+01	-7.398992000000000069e-03
1.433999999999999986e+01	-7.998666999999999236e-03
1.435999999999999943e+01	-8.564096000000000208e-03
1.438000000000000078e+01	-9.091426999999999148e-03
1.440000000000000036e+01	-9.552938999999999875e-03
1.441999999999999993e+01	-9.904309999999999503e-03
1.443999999999999950e+01	-1.010464999999999974e-02
1.446000000000000085e+01	-1.011077999999999977e-02
1.448000000000000043e+01	-9.887319999999999789e-03
1.450000000000000000e+01	-9.412690000000001334e-03
1.451999999999999957e+01	-8.673210000000000641e-03
1.453999999999999915e+01	-7.664749999999999688e-03
1.456000000000000050e+01	-6.408340000000000217e-03
1.458000000000000007e+01	-4.932116000000000278e-03
1.459999999999999964e+01	-3.266833000000000237e-03
1.461999999999999922e+01	-1.465542000000000017e-03
1.464000000000000057e+01	3.847939999999999889e-04
1.466000000000000014e+01	2.217781999999999740e-03
1.467999999999999972e+01	4.020965100000000077e-03
1.469999999999999929e+01	5.793144999999999545e-03
1.472000000000000064e+01	7.520907000000000286e-03
1.474000000000000021e+01	9.168204000000000978e-03
1.475999999999999979e+01	1.067080999999999932e-02
1.477999999999999936e+01	1.196306999999999926e-02
1.480000000000000071e+01	1.301746000000000153e-02
1.482000000000000028e+01	1.382252000000000133e-02
1.483999999999999986e+01	1.433819000000000066e-02
1.485999999999999943e+01	1.449486000000000177e-02
1.488000000000000078e+01	1.428542000000000006e-02
1.490000000000000036e+01	1.377167999999999969e-02
1.491999999999999993e+01	1.301915000000000017e-02
1.493999999999999950e+01	1.205516999999999873e-02
1.496000000000000085e+01	1.090469999999999981e-02
1.498000000000000043e+01	9.623210000000000097e-03
1.500000000000000000e+01	8.252829999999999194e-03
1.501999999999999957e+01	6.812310000000000240e-03
1.503999999999999915e+01	5.326449999999999935e-03
1.506000000000000050e+01	3.818450000000000143e-03
1.508000000000000007e+01	2.279402199999999885e-03
1.509999999999999964e+01	6.986600000000000362e-04
1.511999999999999922e+01	-8.970299999999998327e-04
1.514000000000000057e+01	-2.459730000000000250e-03
1.516000000000000014e+01	-3.967580000000000065e-03
1.517999999999999972e+01	-5.404064000000000090e-03
1.519999999999999929e+01	-6.728370000000000010e-03
1.522000000000000064e+01	-7.904365300000000538e-03
1.524000000000000021e+01	-8.917862999999999832e-03
1.525999999999999979e+01	-9.768314000000000163e-03
1.527999999999999936e+01	-1.044476000000000085e-02
1.530000000000000071e+01	-1.093344999999999907e-02
1.532000000000000028e+01	-1.122622000000000030e-02
1.533999999999999986e+01	-1.128631000000000079e-02
1.535999999999999943e+01	-1.106824000000000002e-02
1.538000000000000078e+01	-1.055752000000000079e-02
1.540000000000000036e+01	-9.797600000000000059e-03
1.541999999999999993e+01	-8.869439999999999269e-03
1.543999999999999950e+01	-7.867819999999999328e-03
1.546000000000000085e+01	-6.864870000000000347e-03
1.548000000000000043e+01	-5.885409999999999774e-03
1.550000000000000000e+01	-4.944829999999999885e-03
1.551999999999999957e+01	-4.020937999999999943e-03
1.553999999999999915e+01	-3.045870000000000001e-03
1.556000000000000050e+01	-1.941860000000000114e-03
1.558000000000000007e+01	-6.624600000000001321e-04
1.559999999999999964e+01	7.865599999999995165e-04
1.561999999999999922e+01	2.374699999999999988e-03
1.564000000000000057e+01	4.057909999999999642e-03
1.566000000000000014e+01	5.766359999999999889e-03
1.567999999999999972e+01	7.413490999999999484e-03
1.569999999999999929e+01	8.924248999999998683e-03
1.572000000000000064e+01	1.023137999999999999e-02
1.574000000000000021e+01	1.123815000000000057e-02
1.575999999999999979e+01	1.181222999999999995e-02
1.577999999999999936e+01	1.187591999999999988e-02
1.580000000000000071e+01	1.144207999999999857e-02
1.582000000000000028e+01	1.055506999999999973e-02
1.583999999999999986e+01	9.270449999999999524e-03
1.585999999999999943e+01	7.674979999999999650e-03
1.588000000000000078e+01	5.876410000000000314e-03
1.590000000000000036e+01	3.958249999999999963e-03
1.591999999999999993e+01	1.988821999999999899e-03
1.593999999999999950e+01	3.376000000000008334e-05
1.596000000000000085e+01	-1.867069999999999971e-03
1.598000000000000043e+01	-3.669510000000000393e-03
1.600000000000000000e+01	-5.310920999999999698e-03
1.601999999999999957e+01	-6.754656000000000375e-03
1.603999999999999915e+01	-7.999087999999999685e-03
1.605999999999999872e+01	-9.048969999999999930e-03
1.607999999999999829e+01	-9.899403999999998802e-03
1.610000000000000142e+01	-1.052157849999999992e-02
1.612000000000000099e+01	-1.087195730000000034e-02
1.614000000000000057e+01	-1.092455623000000015e-02
1.616000000000000014e+01	-1.067831500000000072e-02
1.617999999999999972e+01	-1.015260000000000121e-02
1.619999999999999929e+01	-9.382698000000000080e-03
1.621999999999999886e+01	-8.410923000000000704e-03
1.623999999999999844e+01	-7.263400000000000585e-03
1.626000000000000156e+01	-5.958189999999999494e-03
1.628000000000000114e+01	-4.526869999999999679e-03
1.630000000000000071e+01	-3.029600000000000348e-03
1.632000000000000028e+01	-1.527960000000000082e-03
1.633999999999999986e+01	-6.674000000000002847e-05
1.635999999999999943e+01	1.293449999999999808e-03
1.637999999999999901e+01	2.495662999999999961e-03
1.639999999999999858e+01	3.528318000000000339e-03
1.642000000000000171e+01	4.399840000000000348e-03
1.644000000000000128e+01	5.082329999999999487e-03
1.646000000000000085e+01	5.546250000000000832e-03
1.648000000000000043e+01	5.804539999999999526e-03
1.650000000000000000e+01	5.904091000000000200e-03
1.651999999999999957e+01	5.910042000000000767e-03
1.653999999999999915e+01	5.869677999999999701e-03
1.655999999999999872e+01	5.802800000000000319e-03
1.657999999999999829e+01	5.724530000000000243e-03
1.660000000000000142e+01	5.636719999999999578e-03
1.662000000000000099e+01	5.535139999999999158e-03
1.664000000000000057e+01	5.397619999999999675e-03
1.666000000000000014e+01	5.168419999999999959e-03
1.667999999999999972e+01	4.799679999999999745e-03
1.669999999999999929e+01	4.290959999999999913e-03
1.671999999999999886e+01	3.690960000000000074e-03
1.673999999999999844e+01	3.048499999999999995e-03
1.676000000000000156e+01	2.378710000000000026e-03
1.678000000000000114e+01	1.675219999999999834e-03
1.680000000000000071e+01	9.287699999999997694e-04
1.682000000000000028e+01	1.418199999999999669e-04
1.683999999999999986e+01	-6.502699999999998846e-04
1.685999999999999943e+01	-1.410949000000000101e-03
1.687999999999999901e+01	-2.122348000000000030e-03
1.689999999999999858e+01	-2.792209999999999831e-03
1.692000000000000171e+01	-3.434259999999999743e-03
1.694000000000000128e+01	-4.036709999999999778e-03
1.696000000000000085e+01	-4.584267999999999850e-03
1.698000000000000043e+01	-5.065688999999999956e-03
1.700000000000000000e+01	-5.471555999999999816e-03
1.701999999999999957e+01	-5.784539000000000000e-03
1.703999999999999915e+01	-5.971169999999999603e-03
1.705999999999999872e+01	-5.994779999999999900e-03
1.707999999999999829e+01	-5.821864999999999853e-03
1.710000000000000142e+01	-5.429704999999999948e-03
1.712000000000000099e+01	-4.813968099999999667e-03
1.714000000000000057e+01	-3.980046000000000105e-03
1.716000000000000014e+01	-2.962498000000000041e-03
1.717999999999999972e+01	-1.834040000000000106e-03
1.719999999999999929e+01	-6.652900000000002388e-04
1.721999999999999886e+01	4.698200000000001333e-04
1.723999999999999844e+01	1.493137999999999974e-03
1.726000000000000156e+01	2.350423999999999829e-03
1.728000000000000114e+01	3.014840000000000401e-03
1.730000000000000071e+01	3.481689999999999958e-03
1.732000000000000028e+01	3.760261999999999893e-03
1.733999999999999986e+01	3.876064999999999719e-03
1.735999999999999943e+01	3.876636000000000144e-03
1.737999999999999901e+01	3.825363000000000027e-03
1.739999999999999858e+01	3.776717999999999655e-03
1.742000000000000171e+01	3.750619999999999649e-03
1.744000000000000128e+01	3.758179999999999854e-03
1.746000000000000085e+01	3.819730000000000347e-03
1.748000000000000043e+01	3.950409999999999686e-03
1.750000000000000000e+01	4.157569999999999322e-03
1.751999999999999957e+01	4.437520999999999827e-03
1.753999999999999915e+01	4.768266000000000171e-03
1.755999999999999872e+01	5.113735999999999803e-03
1.757999999999999829e+01	5.449333999999999255e-03
1.760000000000000142e+01	5.744710000000000094e-03
1.762000000000000099e+01	5.964529999999999138e-03
1.764000000000000057e+01	6.082549999999999936e-03
1.766000000000000014e+01	6.061579999999999573e-03
1.767999999999999972e+01	5.851639999999999966e-03
1.769999999999999929e+01	5.400590000000000251e-03
1.771999999999999886e+01	4.686309999999999955e-03
1.773999999999999844e+01	3.742450000000000030e-03
1.776000000000000156e+01	2.639663999999999899e-03
1.778000000000000114e+01	1.441761000000000171e-03
1.780000000000000071e+01	1.993500000000000480e-04
1.782000000000000028e+01	-1.040810000000000086e-03
1.783999999999999986e+01	-2.239269999999999802e-03
1.785999999999999943e+01	-3.374090000000000596e-03
1.787999999999999901e+01	-4.420109999999999664e-03
1.789999999999999858e+01	-5.338029000000000211e-03
1.792000000000000171e+01	-6.099135999999999794e-03
1.794000000000000128e+01	-6.699853700000000210e-03
1.796000000000000085e+01	-7.147602999999999769e-03
1.798000000000000043e+01	-7.442449999999999760e-03
1.800000000000000000e+01	-7.571388000000000076e-03
1.801999999999999957e+01	-7.505206999999999851e-03
1.803999999999999915e+01	-7.235899999999999971e-03
1.805999999999999872e+01	-6.781380000000000047e-03
1.807999999999999829e+01	-6.151419999999999458e-03
1.810000000000000142e+01	-5.353721999999999995e-03
1.812000000000000099e+01	-4.432521000000000030e-03
1.814000000000000057e+01	-3.456184000000000166e-03
1.816000000000000014e+01	-2.475853000000000081e-03
1.817999999999999972e+01	-1.514973699999999993e-03
1.819999999999999929e+01	-5.888580000000000463e-04
1.821999999999999886e+01	2.735440000000000224e-04
1.823999999999999844e+01	1.027430000000000183e-03
1.826000000000000156e+01	1.638338999999999941e-03
1.828000000000000114e+01	2.094572000000000274e-03
1.830000000000000071e+01	2.405775000000000188e-03
1.832000000000000028e+01	2.593772000000000265e-03
1.833999999999999986e+01	2.688688099999999876e-03
1.835999999999999943e+01	2.721309999999999788e-03
1.837999999999999901e+01	2.706244999999999918e-03
1.839999999999999858e+01	2.647651999999999905e-03
1.842000000000000171e+01	2.536253999999999939e-03
1.844000000000000128e+01	2.356721999999999897e-03
1.846000000000000085e+01	2.124343999999999798e-03
1.848000000000000043e+01	1.874936000000000007e-03
1.850000000000000000e+01	1.634823999999999999e-03
1.851999999999999957e+01	1.412477999999999997e-03
1.853999999999999915e+01	1.198561400000000034e-03
1.855999999999999872e+01	9.670440000000000199e-04
1.857999999999999829e+01	6.789289999999999908e-04
1.860000000000000142e+01	3.018609999999999479e-04
1.862000000000000099e+01	-1.843570000000000104e-04
1.864000000000000057e+01	-7.831490000000000196e-04
1.866000000000000014e+01	-1.481152999999999810e-03
1.867999999999999972e+01	-2.243321999999999851e-03
1.869999999999999929e+01	-3.031242950000000071e-03
1.871999999999999886e+01	-3.819400999999999612e-03
1.873999999999999844e+01	-4.574235999999999754e-03
1.876000000000000156e+01	-5.253736000000000170e-03
1.878000000000000114e+01	-5.815304000000000306e-03
1.880000000000000071e+01	-6.231429999999999608e-03
1.882000000000000028e+01	-6.490829999999999517e-03
1.883999999999999986e+01	-6.597179999999999364e-03
1.885999999999999943e+01	-6.557630000000000056e-03
1.887999999999999901e+01	-6.365980000000000250e-03
1.889999999999999858e+01	-6.013699999999999428e-03
1.892000000000000171e+01	-5.506759999999999433e-03
1.894000000000000128e+01	-4.855619999999999728e-03
1.896000000000000085e+01	-4.070869999999999871e-03
1.898000000000000043e+01	-3.173449999999999969e-03
1.900000000000000000e+01	-2.189158000000000076e-03
1.901999999999999957e+01	-1.143373000000000046e-03
1.903999999999999915e+01	-5.950999999999997741e-05
1.905999999999999872e+01	1.039382000000000153e-03
1.907999999999999829e+01	2.125917000000000171e-03
1.910000000000000142e+01	3.169474999999999723e-03
1.912000000000000099e+01	4.142728000000000035e-03
1.914000000000000057e+01	5.019253999999999903e-03
1.916000000000000014e+01	5.774299999999999572e-03
1.917999999999999972e+01	6.388350000000000105e-03
1.919999999999999929e+01	6.850870000000000223e-03
1.921999999999999886e+01	7.159630000000000161e-03
1.923999999999999844e+01	7.316750000000000337e-03
1.926000000000000156e+01	7.331199999999999523e-03
1.928000000000000114e+01	7.219760000000000413e-03
1.930000000000000071e+01	6.999939999999999635e-03
1.932000000000000028e+01	6.685410000000000137e-03
1.933999999999999986e+01	6.288310000000000080e-03
1.935999999999999943e+01	5.817829999999999530e-03
1.937999999999999901e+01	5.281080000000000496e-03
1.939999999999999858e+01	4.686685999999999803e-03
1.942000000000000171e+01	4.046858000000000399e-03
1.944000000000000128e+01	3.374665000000000217e-03
1.946000000000000085e+01	2.684250999999999911e-03
1.948000000000000043e+01	1.989109000000000189e-03
1.950000000000000000e+01	1.300500999999999914e-03
1.951999999999999957e+01	6.293799999999999135e-04
1.953999999999999915e+01	-1.277100000000001715e-05
1.955999999999999872e+01	-6.143921000000000972e-04
1.957999999999999829e+01	-1.164597600000000059e-03
1.960000000000000142e+01	-1.652533400000000003e-03
1.962000000000000099e+01	-2.068054900000000033e-03
1.964000000000000057e+01	-2.403338899999999962e-03
1.966000000000000014e+01	-2.651691999999999765e-03
1.967999999999999972e+01	-2.808339999999999882e-03
1.969999999999999929e+01	-2.872678999999999944e-03
1.971999999999999886e+01	-2.848367000000000086e-03
1.973999999999999844e+01	-2.742395999999999810e-03
1.976000000000000156e+01	-2.563359199999999932e-03
1.978000000000000114e+01	-2.320687599999999868e-03
1.980000000000000071e+01	-2.024297800000000262e-03
1.982000000000000028e+01	-1.684138400000000091e-03
1.983999999999999986e+01	-1.309505099999999905e-03
1.985999999999999943e+01	-9.092611800000000065e-04
1.987999999999999901e+01	-4.919278700000000691e-04
1.989999999999999858e+01	-6.576569999999998598e-05
1.992000000000000171e+01	3.612365999999999559e-04
1.994000000000000128e+01	7.811563000000000751e-04
1.996000000000000085e+01	1.185906800000000082e-03
1.998000000000000043e+01	1.567244800000000028e-03
2.000000000000000000e+01	1.917107500000000096e-03
