0.000000000000000000e+00	0.000000000000000000e+00
2.000000000000000042e-02	9.759073399999999942e-07
4.000000000000000083e-02	-3.482513999999999654e-06
5.999999999999999778e-02	6.656052099999999989e-06
8.000000000000000167e-02	3.183468000000000062e-05
1.000000000000000056e-01	3.366428000000000085e-05
1.199999999999999956e-01	1.229810000000000004e-05
1.400000000000000133e-01	-2.761749999999999774e-05
1.600000000000000033e-01	-8.558179999999999434e-05
1.799999999999999933e-01	-1.435382199999999818e-04
2.000000000000000111e-01	-1.886643999999999821e-04
2.200000000000000011e-01	-2.331093999999999809e-04
2.399999999999999911e-01	-2.771860000000000122e-04
2.600000000000000089e-01	-2.963630000000000084e-04
2.800000000000000266e-01	-3.193079999999999725e-04
2.999999999999999889e-01	-3.897680000000000263e-04
3.200000000000000067e-01	-4.387850000000000214e-04
3.400000000000000244e-01	-4.645100000000000097e-04
3.599999999999999867e-01	-5.046340000000000070e-04
3.800000000000000044e-01	-5.305549999999999372e-04
4.000000000000000222e-01	-5.198899999999999572e-04
4.199999999999999845e-01	-4.787500000000000089e-04
4.400000000000000022e-01	-4.302800000000001155e-04
4.600000000000000200e-01	-3.593300000000001528e-04
4.799999999999999822e-01	-2.391500000000000396e-04
5.000000000000000000e-01	-4.517999999999991641e-05
5.200000000000000178e-01	1.958000000000000972e-04
5.400000000000000355e-01	4.139199999999999130e-04
5.600000000000000533e-01	5.305339999999999319e-04
5.799999999999999600e-01	5.491939999999999192e-04
5.999999999999999778e-01	4.757739999999999886e-04
6.199999999999999956e-01	3.998839999999999817e-04
6.400000000000000133e-01	3.522959999999999894e-04
6.600000000000000311e-01	3.635690000000000015e-04
6.800000000000000488e-01	4.942379999999999256e-04
6.999999999999999556e-01	6.177789999999999410e-04
7.199999999999999734e-01	7.041120000000000104e-04
7.399999999999999911e-01	7.088789999999999328e-04
7.600000000000000089e-01	6.093599999999999798e-04
7.800000000000000266e-01	4.356870000000000317e-04
8.000000000000000444e-01	2.545206999999999635e-04
8.199999999999999512e-01	9.241309999999999109e-05
8.399999999999999689e-01	-6.505240000000001434e-05
8.599999999999999867e-01	-2.514689999999999872e-04
8.800000000000000044e-01	-4.074522000000000560e-04
9.000000000000000222e-01	-5.182321400000000720e-04
9.200000000000000400e-01	-5.688159999999999831e-04
9.399999999999999467e-01	-5.580420000000000215e-04
9.599999999999999645e-01	-6.100390000000001541e-04
9.799999999999999822e-01	-5.932609999999999837e-04
1.000000000000000000e+00	-5.306600000000000726e-04
1.020000000000000018e+00	-5.131979999999998661e-04
1.040000000000000036e+00	-5.149910000000000165e-04
1.060000000000000053e+00	-4.358900000000001922e-04
1.080000000000000071e+00	-3.521799999999998976e-04
1.100000000000000089e+00	-3.041299999999998952e-04
1.120000000000000107e+00	-2.035000000000001218e-04
1.139999999999999902e+00	7.509000000000009591e-05
1.159999999999999920e+00	3.823299999999999529e-04
1.179999999999999938e+00	5.508099999999998848e-04
1.199999999999999956e+00	7.379199999999999822e-04
1.219999999999999973e+00	1.020790999999999843e-03
1.239999999999999991e+00	1.354023999999999896e-03
1.260000000000000009e+00	1.467013999999999992e-03
1.280000000000000027e+00	1.357231999999999883e-03
1.300000000000000044e+00	1.111888000000000112e-03
1.320000000000000062e+00	8.184318699999999910e-04
1.340000000000000080e+00	6.382230000000000455e-04
1.360000000000000098e+00	5.323660000000000458e-04
1.379999999999999893e+00	4.872199999999999058e-04
1.399999999999999911e+00	5.095320000000000404e-04
1.419999999999999929e+00	5.615770000000000614e-04
1.439999999999999947e+00	5.734410000000000548e-04
1.459999999999999964e+00	4.966260000000001203e-04
1.479999999999999982e+00	4.880809999999999099e-04
1.500000000000000000e+00	5.281210000000001025e-04
1.520000000000000018e+00	4.965040000000000425e-04
1.540000000000000036e+00	4.630570000000001170e-04
1.560000000000000053e+00	4.584969999999999844e-04
1.580000000000000071e+00	4.309850000000000486e-04
1.600000000000000089e+00	3.983009999999999936e-04
1.620000000000000107e+00	3.427119999999998995e-04
1.639999999999999902e+00	3.208380000000000476e-04
1.659999999999999920e+00	3.619530000000000360e-04
1.679999999999999938e+00	4.072589999999998763e-04
1.699999999999999956e+00	4.591309999999999922e-04
1.719999999999999973e+00	4.069499999999998899e-04
1.739999999999999991e+00	1.649699999999999604e-04
1.760000000000000009e+00	-1.711099999999999254e-04
1.780000000000000027e+00	-4.826590000000000828e-04
1.800000000000000044e+00	-6.987939999999999777e-04
1.820000000000000062e+00	-8.204829999999998895e-04
1.840000000000000080e+00	-9.224429999999998958e-04
1.860000000000000098e+00	-9.990059999999999826e-04
1.879999999999999893e+00	-9.707760000000000174e-04
1.899999999999999911e+00	-8.602169999999999261e-04
1.919999999999999929e+00	-7.666580000000000313e-04
1.939999999999999947e+00	-7.621500000000000670e-04
1.959999999999999964e+00	-9.399400000000000029e-04
1.979999999999999982e+00	-1.299633099999999942e-03
2.000000000000000000e+00	-1.726059000000000057e-03
2.020000000000000018e+00	-2.168713000000000064e-03
2.040000000000000036e+00	-2.512443000000000055e-03
2.060000000000000053e+00	-2.640010500000000097e-03
2.080000000000000071e+00	-2.397058000000000088e-03
2.100000000000000089e+00	-1.882250000000000026e-03
2.120000000000000107e+00	-1.437609999999999756e-03
2.140000000000000124e+00	-1.133190000000000065e-03
2.160000000000000142e+00	-9.716999999999998208e-04
2.180000000000000160e+00	-8.696799999999998455e-04
2.200000000000000178e+00	-7.541900000000000687e-04
2.220000000000000195e+00	-7.700699999999998692e-04
2.240000000000000213e+00	-9.954799999999999760e-04
2.259999999999999787e+00	-1.337299999999999600e-03
2.279999999999999805e+00	-1.555360000000000423e-03
2.299999999999999822e+00	-1.666050000000000517e-03
2.319999999999999840e+00	-1.787999999999999659e-03
2.339999999999999858e+00	-1.860549999999999010e-03
2.359999999999999876e+00	-1.881700000000000907e-03
2.379999999999999893e+00	-1.916219999999998862e-03
2.399999999999999911e+00	-1.842209999999999508e-03
2.419999999999999929e+00	-1.462870000000000663e-03
2.439999999999999947e+00	-7.323099999999999055e-04
2.459999999999999964e+00	4.224299999999996807e-04
2.479999999999999982e+00	1.758770000000000645e-03
2.500000000000000000e+00	3.090700000000000044e-03
2.520000000000000018e+00	4.276699999999999599e-03
2.540000000000000036e+00	5.303364400000000652e-03
2.560000000000000053e+00	6.095939999999999345e-03
2.580000000000000071e+00	6.506239999999999940e-03
2.600000000000000089e+00	6.656276000000000033e-03
2.620000000000000107e+00	6.562433999999999802e-03
2.640000000000000124e+00	6.219439999999999691e-03
2.660000000000000142e+00	5.658419999999999943e-03
2.680000000000000160e+00	4.775020000000000479e-03
2.700000000000000178e+00	3.346269999999999280e-03
2.720000000000000195e+00	1.646370000000001166e-03
2.740000000000000213e+00	9.843000000000004523e-05
2.759999999999999787e+00	-9.399000000000004573e-04
2.779999999999999805e+00	-1.478339999999999863e-03
2.799999999999999822e+00	-1.790899999999998916e-03
2.819999999999999840e+00	-2.190010000000000047e-03
2.839999999999999858e+00	-2.811680000000000429e-03
2.859999999999999876e+00	-3.203420000000000226e-03
2.879999999999999893e+00	-3.116380000000000192e-03
2.899999999999999911e+00	-2.910499999999999893e-03
2.919999999999999929e+00	-2.894300000000000258e-03
2.939999999999999947e+00	-2.895130000000000099e-03
2.959999999999999964e+00	-3.061580000000000377e-03
2.979999999999999982e+00	-3.540751999999999875e-03
3.000000000000000000e+00	-4.214050000000000434e-03
3.020000000000000018e+00	-4.899099999999999983e-03
3.040000000000000036e+00	-5.451439500000000368e-03
3.060000000000000053e+00	-5.949450000000000224e-03
3.080000000000000071e+00	-6.223300000000000186e-03
3.100000000000000089e+00	-5.755150000000000543e-03
3.120000000000000107e+00	-4.232039999999999413e-03
3.140000000000000124e+00	-1.776949999999999363e-03
3.160000000000000142e+00	1.480790000000000925e-03
3.180000000000000160e+00	5.231719999999999600e-03
3.200000000000000178e+00	8.393920000000000894e-03
3.220000000000000195e+00	1.008221000000000117e-02
3.240000000000000213e+00	1.041442000000000062e-02
3.259999999999999787e+00	9.489580000000000931e-03
3.279999999999999805e+00	7.736059999999999465e-03
3.299999999999999822e+00	5.986160000000000786e-03
3.319999999999999840e+00	4.866020999999999888e-03
3.339999999999999858e+00	4.751278000000000272e-03
3.359999999999999876e+00	4.974120999999999751e-03
3.379999999999999893e+00	4.682860000000000494e-03
3.399999999999999911e+00	3.498669999999999732e-03
3.419999999999999929e+00	1.206690000000000280e-03
3.439999999999999947e+00	-1.805900000000000257e-03
3.459999999999999964e+00	-4.457090000000000357e-03
3.479999999999999982e+00	-5.660089999999999566e-03
3.500000000000000000e+00	-5.196481999999999664e-03
3.520000000000000018e+00	-3.576249999999999568e-03
3.540000000000000036e+00	-1.496390000000000220e-03
3.560000000000000053e+00	6.946799999999996034e-04
3.580000000000000071e+00	2.714349999999999923e-03
3.600000000000000089e+00	4.228437899999999694e-03
3.620000000000000107e+00	5.274690000000000281e-03
3.640000000000000124e+00	5.684349999999999473e-03
3.660000000000000142e+00	4.954195999999999253e-03
3.680000000000000160e+00	3.145300000000000179e-03
3.700000000000000178e+00	8.568399999999997720e-04
3.720000000000000195e+00	-1.557529999999999679e-03
3.740000000000000213e+00	-3.842280000000000001e-03
3.759999999999999787e+00	-5.887109999999999219e-03
3.779999999999999805e+00	-7.827397899999999700e-03
3.799999999999999822e+00	-9.706120000000000372e-03
3.819999999999999840e+00	-1.122567000000000009e-02
3.839999999999999858e+00	-1.190700000000000092e-02
3.859999999999999876e+00	-1.158152999999999960e-02
3.879999999999999893e+00	-1.019871999999999966e-02
3.899999999999999911e+00	-7.906430000000000749e-03
3.919999999999999929e+00	-5.487249999999999940e-03
3.939999999999999947e+00	-3.632946000000000179e-03
3.959999999999999964e+00	-2.255134000000000218e-03
3.979999999999999982e+00	-8.464099999999996973e-04
4.000000000000000000e+00	7.296599999999995971e-04
4.019999999999999574e+00	2.122510000000000195e-03
4.040000000000000036e+00	3.063879999999999729e-03
4.059999999999999609e+00	3.592500000000000207e-03
4.080000000000000071e+00	3.718139999999999987e-03
4.099999999999999645e+00	3.237419999999999534e-03
4.120000000000000107e+00	2.184440000000000166e-03
4.139999999999999680e+00	1.033983999999999945e-03
4.160000000000000142e+00	3.051510000000000333e-04
4.179999999999999716e+00	1.606600000000004032e-04
4.200000000000000178e+00	6.403400000000005268e-04
4.219999999999999751e+00	1.740980000000000479e-03
4.240000000000000213e+00	3.272699999999999915e-03
4.259999999999999787e+00	4.788929999999999403e-03
4.280000000000000249e+00	5.777619999999999804e-03
4.299999999999999822e+00	6.113840000000000593e-03
4.320000000000000284e+00	5.843610000000000818e-03
4.339999999999999858e+00	4.981199999999999864e-03
4.360000000000000320e+00	3.719550000000000287e-03
4.379999999999999893e+00	2.413980000000000032e-03
4.400000000000000355e+00	1.128800000000000549e-03
4.419999999999999929e+00	-3.990700000000000670e-04
4.440000000000000391e+00	-2.230269999999999909e-03
4.459999999999999964e+00	-4.136504000000000049e-03
4.480000000000000426e+00	-5.578116999999999624e-03
4.500000000000000000e+00	-5.824418999999999950e-03
4.519999999999999574e+00	-4.621390000000000393e-03
4.540000000000000036e+00	-2.327800000000000095e-03
4.559999999999999609e+00	5.102499999999998530e-04
4.580000000000000071e+00	3.324790000000000210e-03
4.599999999999999645e+00	5.587230000000000321e-03
4.620000000000000107e+00	6.689599999999999540e-03
4.639999999999999680e+00	6.202350000000000571e-03
4.660000000000000142e+00	4.354780000000000803e-03
4.679999999999999716e+00	1.937869999999999523e-03
4.700000000000000178e+00	-1.041299999999991538e-04
4.719999999999999751e+00	-1.214550000000000005e-03
4.740000000000000213e+00	-1.545610000000001080e-03
4.759999999999999787e+00	-1.528010000000001520e-03
4.780000000000000249e+00	-1.444909999999998904e-03
4.799999999999999822e+00	-1.584559999999998747e-03
4.820000000000000284e+00	-2.196459999999999906e-03
4.839999999999999858e+00	-3.339180000000000620e-03
4.860000000000000320e+00	-4.783129999999999153e-03
4.879999999999999893e+00	-6.100630000000000115e-03
4.900000000000000355e+00	-6.785188999999999630e-03
4.919999999999999929e+00	-6.569965000000000527e-03
4.940000000000000391e+00	-5.672780000000000530e-03
4.959999999999999964e+00	-4.417799999999999505e-03
4.980000000000000426e+00	-3.044713599999999878e-03
5.000000000000000000e+00	-1.866390000000000106e-03
5.019999999999999574e+00	-1.047579999999999779e-03
5.040000000000000036e+00	-4.421399999999997207e-04
5.059999999999999609e+00	2.172699999999994427e-04
5.080000000000000071e+00	1.092950000000000518e-03
5.099999999999999645e+00	2.075179999999999386e-03
5.120000000000000107e+00	2.891699999999998785e-03
5.139999999999999680e+00	3.475149999999999767e-03
5.160000000000000142e+00	4.090410000000000053e-03
5.179999999999999716e+00	4.907139999999999939e-03
5.200000000000000178e+00	5.756709999999999085e-03
5.219999999999999751e+00	6.380289999999999399e-03
5.240000000000000213e+00	6.618440000000000607e-03
5.259999999999999787e+00	6.385247000000000145e-03
5.280000000000000249e+00	5.624861999999999571e-03
5.299999999999999822e+00	4.369621000000000616e-03
5.320000000000000284e+00	2.857732999999999888e-03
5.339999999999999858e+00	1.524140000000000000e-03
5.360000000000000320e+00	6.549999999999999833e-04
5.379999999999999893e+00	2.003000000000000440e-04
5.400000000000000355e+00	5.183000000000010515e-05
5.419999999999999929e+00	2.057000000000000668e-04
5.440000000000000391e+00	5.199899999999999054e-04
5.459999999999999964e+00	6.566172999999999585e-04
5.480000000000000426e+00	3.339085000000000100e-04
5.500000000000000000e+00	-5.528379999999999406e-04
5.519999999999999574e+00	-1.866660000000000021e-03
5.540000000000000036e+00	-3.260760000000000134e-03
5.559999999999999609e+00	-4.347689999999999541e-03
5.580000000000000071e+00	-4.889970000000000427e-03
5.599999999999999645e+00	-4.829179999999999758e-03
5.620000000000000107e+00	-4.154831000000000323e-03
5.639999999999999680e+00	-2.881288499999999815e-03
5.660000000000000142e+00	-1.208608999999999812e-03
5.679999999999999716e+00	4.292300000000000087e-04
5.700000000000000178e+00	1.604041500000000014e-03
5.719999999999999751e+00	2.091949000000000065e-03
5.740000000000000213e+00	1.839830000000000198e-03
5.759999999999999787e+00	9.138799999999997273e-04
5.780000000000000249e+00	-4.940000000000000814e-04
5.799999999999999822e+00	-2.129939999999999872e-03
5.820000000000000284e+00	-3.681170000000000102e-03
5.839999999999999858e+00	-4.837679999999999585e-03
5.860000000000000320e+00	-5.356291000000000004e-03
5.879999999999999893e+00	-5.090182999999999860e-03
5.900000000000000355e+00	-4.085632999999999973e-03
5.919999999999999929e+00	-2.717619999999999585e-03
5.940000000000000391e+00	-1.479430000000000328e-03
5.959999999999999964e+00	-6.057400000000000111e-04
5.980000000000000426e+00	-4.097999999999992274e-05
6.000000000000000000e+00	4.274000000000000889e-04
6.019999999999999574e+00	8.710100000000001869e-04
6.040000000000000036e+00	1.245899999999999872e-03
6.059999999999999609e+00	1.596549999999999966e-03
6.080000000000000071e+00	2.067984000000000142e-03
6.099999999999999645e+00	2.723645000000000232e-03
6.120000000000000107e+00	3.459260999999999933e-03
6.139999999999999680e+00	4.093007000000000069e-03
6.160000000000000142e+00	4.553190200000000430e-03
6.179999999999999716e+00	4.964516999999999888e-03
6.200000000000000178e+00	5.431530999999999859e-03
6.219999999999999751e+00	5.918539999999999912e-03
6.240000000000000213e+00	6.353181799999999685e-03
6.259999999999999787e+00	6.662150999999999837e-03
6.280000000000000249e+00	6.739100000000000472e-03
6.299999999999999822e+00	6.495749999999999788e-03
6.320000000000000284e+00	5.870880000000000196e-03
6.339999999999999858e+00	4.856700000000000253e-03
6.360000000000000320e+00	3.470394099999999944e-03
6.379999999999999893e+00	1.731569999999999984e-03
6.400000000000000355e+00	-2.249100000000000404e-04
6.419999999999999929e+00	-2.147219999999999598e-03
6.440000000000000391e+00	-3.821419999999999852e-03
6.459999999999999964e+00	-5.153039999999999357e-03
6.480000000000000426e+00	-6.114503000000000299e-03
6.500000000000000000e+00	-6.667598599999999612e-03
6.519999999999999574e+00	-6.851697999999999816e-03
6.540000000000000036e+00	-6.856901000000000315e-03
6.559999999999999609e+00	-6.834490000000000356e-03
6.580000000000000071e+00	-6.836710000000000183e-03
6.599999999999999645e+00	-6.842189999999999730e-03
6.620000000000000107e+00	-6.653110000000000274e-03
6.639999999999999680e+00	-6.115800000000000229e-03
6.660000000000000142e+00	-5.168489999999999543e-03
6.679999999999999716e+00	-3.929211000000000162e-03
6.700000000000000178e+00	-2.666568000000000237e-03
6.719999999999999751e+00	-1.508979999999999827e-03
6.740000000000000213e+00	-5.226200000000001157e-04
6.759999999999999787e+00	3.023099999999996450e-04
6.780000000000000249e+00	9.595300000000001051e-04
6.799999999999999822e+00	1.405189999999999738e-03
6.820000000000000284e+00	1.648970000000000036e-03
6.839999999999999858e+00	1.703619999999999874e-03
6.860000000000000320e+00	1.574190000000000051e-03
6.879999999999999893e+00	1.259150000000000113e-03
6.900000000000000355e+00	7.837500000000001583e-04
6.919999999999999929e+00	2.660299999999999991e-04
6.940000000000000391e+00	-1.342499999999998209e-04
6.959999999999999964e+00	-2.514800000000001062e-04
6.980000000000000426e+00	2.271999999999994510e-05
7.000000000000000000e+00	6.506000000000003100e-04
7.019999999999999574e+00	1.452819999999999849e-03
7.040000000000000036e+00	2.241916000000000048e-03
7.059999999999999609e+00	2.947289999999999979e-03
7.080000000000000071e+00	3.546346000000000134e-03
7.099999999999999645e+00	4.046569999999999334e-03
7.120000000000000107e+00	4.427760000000000203e-03
7.139999999999999680e+00	4.625429999999999819e-03
7.160000000000000142e+00	4.569008999999999744e-03
7.179999999999999716e+00	4.205612599999999403e-03
7.200000000000000178e+00	3.538335000000000091e-03
7.219999999999999751e+00	2.722010000000000401e-03
7.240000000000000213e+00	1.961759999999999893e-03
7.259999999999999787e+00	1.340709999999999949e-03
7.280000000000000249e+00	8.109100000000001897e-04
7.299999999999999822e+00	2.700999999999996806e-04
7.320000000000000284e+00	-4.315400000000000052e-04
7.339999999999999858e+00	-1.409866000000000071e-03
7.360000000000000320e+00	-2.649344999999999999e-03
7.379999999999999893e+00	-4.079179999999999959e-03
7.400000000000000355e+00	-5.606299999999999825e-03
7.419999999999999929e+00	-7.067239999999999807e-03
7.440000000000000391e+00	-8.116990000000001010e-03
7.459999999999999964e+00	-8.386109999999998704e-03
7.480000000000000426e+00	-7.793435999999999940e-03
7.500000000000000000e+00	-6.528930000000000497e-03
7.519999999999999574e+00	-4.862240000000000312e-03
7.540000000000000036e+00	-3.062080000000000010e-03
7.559999999999999609e+00	-1.426320000000000018e-03
7.580000000000000071e+00	-1.745900000000000750e-04
7.599999999999999645e+00	6.603560000000000723e-04
7.620000000000000107e+00	1.198810000000000023e-03
7.639999999999999680e+00	1.672939999999999931e-03
7.660000000000000142e+00	2.274337999999999881e-03
7.679999999999999716e+00	3.042268999999999789e-03
7.700000000000000178e+00	3.919078000000000318e-03
7.719999999999999751e+00	4.758050999999999253e-03
7.740000000000000213e+00	5.483495000000000556e-03
7.759999999999999787e+00	6.144161999999999887e-03
7.780000000000000249e+00	6.752329999999999964e-03
7.799999999999999822e+00	7.354008000000000420e-03
7.820000000000000284e+00	7.853846999999998871e-03
7.839999999999999858e+00	8.061010999999999871e-03
7.860000000000000320e+00	7.801270000000000773e-03
7.879999999999999893e+00	6.914010000000000815e-03
7.900000000000000355e+00	5.465959999999999742e-03
7.919999999999999929e+00	3.645959999999999739e-03
7.940000000000000391e+00	1.681709999999999889e-03
7.959999999999999964e+00	-1.659100000000000158e-04
7.980000000000000426e+00	-1.713150000000000089e-03
8.000000000000000000e+00	-2.825397999999999799e-03
8.019999999999999574e+00	-3.543240000000000018e-03
8.039999999999999147e+00	-3.950612999999999521e-03
8.060000000000000497e+00	-4.090756400000000216e-03
8.080000000000000071e+00	-4.093676000000000086e-03
8.099999999999999645e+00	-4.010010000000000484e-03
8.119999999999999218e+00	-3.858319999999999719e-03
8.140000000000000568e+00	-3.652529999999999753e-03
8.160000000000000142e+00	-3.395269999999999712e-03
8.179999999999999716e+00	-3.079160000000000057e-03
8.199999999999999289e+00	-2.631679999999999957e-03
8.220000000000000639e+00	-1.986509999999999491e-03
8.240000000000000213e+00	-1.111220000000000437e-03
8.259999999999999787e+00	-1.685299999999992013e-04
8.279999999999999361e+00	6.241699999999998465e-04
8.300000000000000711e+00	1.128720000000000157e-03
8.320000000000000284e+00	1.198304999999999986e-03
8.339999999999999858e+00	7.261920000000000701e-04
8.359999999999999432e+00	-2.047589999999999957e-04
8.380000000000000782e+00	-1.281371999999999806e-03
8.400000000000000355e+00	-2.207569999999999845e-03
8.419999999999999929e+00	-2.809234999999999770e-03
8.439999999999999503e+00	-3.032472000000000032e-03
8.460000000000000853e+00	-2.910938000000000067e-03
8.480000000000000426e+00	-2.545651999999999811e-03
8.500000000000000000e+00	-2.021193000000000121e-03
8.519999999999999574e+00	-1.304696000000000154e-03
8.539999999999999147e+00	-3.064700000000000930e-04
8.560000000000000497e+00	9.492899999999997694e-04
8.580000000000000071e+00	2.292489999999999892e-03
8.599999999999999645e+00	3.429797899999999927e-03
8.619999999999999218e+00	4.088923000000000384e-03
8.640000000000000568e+00	4.153788999999999745e-03
8.660000000000000142e+00	3.658526999999999960e-03
8.679999999999999716e+00	2.834020000000000029e-03
8.699999999999999289e+00	2.023432000000000355e-03
8.720000000000000639e+00	1.493926999999999929e-03
8.740000000000000213e+00	1.163832999999999968e-03
8.759999999999999787e+00	7.781999999999999421e-04
8.779999999999999361e+00	3.031900000000000567e-04
8.800000000000000711e+00	-1.120500000000002570e-04
8.820000000000000284e+00	-3.034500000000002473e-04
8.839999999999999858e+00	-2.893399999999999098e-04
8.859999999999999432e+00	-3.547500000000000306e-04
8.880000000000000782e+00	-7.033000000000000189e-04
8.900000000000000355e+00	-1.271779999999999699e-03
8.919999999999999929e+00	-1.863478999999999917e-03
8.939999999999999503e+00	-2.245901700000000039e-03
8.960000000000000853e+00	-2.350981000000000251e-03
8.980000000000000426e+00	-2.299497000000000173e-03
9.000000000000000000e+00	-2.309862599999999971e-03
9.019999999999999574e+00	-2.517845000000000326e-03
9.039999999999999147e+00	-2.818120000000000347e-03
9.060000000000000497e+00	-3.193370000000000063e-03
9.080000000000000071e+00	-3.603480000000000051e-03
9.099999999999999645e+00	-3.708179999999999723e-03
9.119999999999999218e+00	-3.382539999999999852e-03
9.140000000000000568e+00	-2.810170000000000289e-03
9.160000000000000142e+00	-2.201550000000000468e-03
9.179999999999999716e+00	-1.534589999999999956e-03
9.199999999999999289e+00	-6.162200000000000056e-04
9.220000000000000639e+00	4.575999999999998472e-04
9.240000000000000213e+00	1.430438000000000022e-03
9.259999999999999787e+00	2.291740999999999917e-03
9.279999999999999361e+00	3.174889000000000183e-03
9.300000000000000711e+00	3.975656000000000155e-03
9.320000000000000284e+00	4.320440000000000044e-03
9.339999999999999858e+00	4.043930000000000267e-03
9.359999999999999432e+00	3.365049999999999639e-03
9.380000000000000782e+00	2.492809999999999818e-03
9.400000000000000355e+00	1.570834700000000141e-03
9.419999999999999929e+00	7.057939999999999310e-04
9.439999999999999503e+00	-7.810000000000021786e-06
9.460000000000000853e+00	-4.400399999999998323e-04
9.480000000000000426e+00	-6.300699999999999357e-04
9.500000000000000000e+00	-6.678899999999999768e-04
9.519999999999999574e+00	-6.148600000000000593e-04
9.539999999999999147e+00	-5.230900000000003602e-04
9.560000000000000497e+00	-2.490100000000000299e-04
9.580000000000000071e+00	3.340599999999999559e-04
9.599999999999999645e+00	1.051354999999999911e-03
9.619999999999999218e+00	1.647593419999999987e-03
9.640000000000000568e+00	2.008691999999999856e-03
9.660000000000000142e+00	2.154155999999999953e-03
9.679999999999999716e+00	2.118885999999999947e-03
9.699999999999999289e+00	1.970396000000000127e-03
9.720000000000000639e+00	1.907044000000000100e-03
9.740000000000000213e+00	1.955300000000000094e-03
9.759999999999999787e+00	1.877980000000000231e-03
9.779999999999999361e+00	1.505119999999999982e-03
9.800000000000000711e+00	9.240400000000001043e-04
9.820000000000000284e+00	2.792799999999998062e-04
9.839999999999999858e+00	-4.105900000000001736e-04
9.859999999999999432e+00	-1.058550000000000116e-03
9.880000000000000782e+00	-1.561920000000000062e-03
9.900000000000000355e+00	-1.975269999999999890e-03
9.919999999999999929e+00	-2.460603000000000009e-03
9.939999999999999503e+00	-3.027207000000000075e-03
9.960000000000000853e+00	-3.461440000000000090e-03
9.980000000000000426e+00	-3.665589999999999821e-03
1.000000000000000000e+01	-3.780977999999999943e-03
1.001999999999999957e+01	-3.914904999999999774e-03
1.003999999999999915e+01	-3.944540000000000719e-03
1.006000000000000050e+01	-3.746580000000000223e-03
1.008000000000000007e+01	-3.321999999999999433e-03
1.009999999999999964e+01	-2.711100000000000142e-03
1.011999999999999922e+01	-2.042509999999999985e-03
1.014000000000000057e+01	-1.429780000000000287e-03
1.016000000000000014e+01	-8.545000000000002247e-04
1.017999999999999972e+01	-2.470599999999994675e-04
1.019999999999999929e+01	4.306399999999994954e-04
1.022000000000000064e+01	1.088260000000000616e-03
1.024000000000000021e+01	1.644760000000000319e-03
1.025999999999999979e+01	2.191420000000000347e-03
1.027999999999999936e+01	2.776510000000000263e-03
1.030000000000000071e+01	3.330570000000000145e-03
1.032000000000000028e+01	3.847609999999999572e-03
1.033999999999999986e+01	4.332151999999999704e-03
1.035999999999999943e+01	4.716541999999999783e-03
1.038000000000000078e+01	4.920449999999999824e-03
1.040000000000000036e+01	4.898650000000000053e-03
1.041999999999999993e+01	4.671849999999999961e-03
1.043999999999999950e+01	4.333917999999999972e-03
1.046000000000000085e+01	3.969366999999999687e-03
1.048000000000000043e+01	3.555169999999999858e-03
1.050000000000000000e+01	3.110130000000000013e-03
1.051999999999999957e+01	2.668520000000000180e-03
1.053999999999999915e+01	2.192449999999999434e-03
1.056000000000000050e+01	1.691540000000000057e-03
1.058000000000000007e+01	1.188700000000000000e-03
1.059999999999999964e+01	7.244399999999998063e-04
1.061999999999999922e+01	3.721800000000006006e-04
1.064000000000000057e+01	1.216799999999998785e-04
1.066000000000000014e+01	-1.508400000000001753e-04
1.067999999999999972e+01	-5.871800000000005140e-04
1.069999999999999929e+01	-1.233660000000000138e-03
1.072000000000000064e+01	-1.992650000000000324e-03
1.074000000000000021e+01	-2.690590000000000082e-03
1.075999999999999979e+01	-3.255439999999999636e-03
1.077999999999999936e+01	-3.783920000000000079e-03
1.080000000000000071e+01	-4.352099999999999372e-03
1.082000000000000028e+01	-4.904080999999999371e-03
1.083999999999999986e+01	-5.307949999999999648e-03
1.085999999999999943e+01	-5.444769999999999818e-03
1.088000000000000078e+01	-5.293270000000000093e-03
1.090000000000000036e+01	-4.912030000000000389e-03
1.091999999999999993e+01	-4.370999999999999885e-03
1.093999999999999950e+01	-3.782767000000000247e-03
1.096000000000000085e+01	-3.267792400000000402e-03
1.098000000000000043e+01	-2.807215999999999531e-03
1.100000000000000000e+01	-2.265156999999999848e-03
1.101999999999999957e+01	-1.567120000000000188e-03
1.103999999999999915e+01	-7.478500000000002073e-04
1.106000000000000050e+01	1.536100000000002047e-04
1.108000000000000007e+01	1.112340000000000073e-03
1.109999999999999964e+01	2.074221000000000224e-03
1.111999999999999922e+01	2.954110999999999716e-03
1.114000000000000057e+01	3.687920999999999821e-03
1.116000000000000014e+01	4.230410000000000420e-03
1.117999999999999972e+01	4.531010000000000246e-03
1.119999999999999929e+01	4.592960000000000098e-03
1.122000000000000064e+01	4.452629999999999956e-03
1.124000000000000021e+01	4.139180000000000116e-03
1.125999999999999979e+01	3.670819999999999986e-03
1.127999999999999936e+01	3.064406000000000421e-03
1.130000000000000071e+01	2.408813599999999871e-03
1.132000000000000028e+01	1.843306999999999975e-03
1.133999999999999986e+01	1.446049999999999940e-03
1.135999999999999943e+01	1.191379999999999913e-03
1.138000000000000078e+01	1.018189999999999980e-03
1.140000000000000036e+01	8.394799999999998704e-04
1.141999999999999993e+01	5.624000000000000093e-04
1.143999999999999950e+01	1.741800000000001247e-04
1.146000000000000085e+01	-2.233499999999999808e-04
1.148000000000000043e+01	-5.282900000000000530e-04
1.150000000000000000e+01	-7.526699999999998799e-04
1.151999999999999957e+01	-9.835630000000000154e-04
1.153999999999999915e+01	-1.311731999999999915e-03
1.156000000000000050e+01	-1.772840599999999907e-03
1.158000000000000007e+01	-2.361605000000000128e-03
1.159999999999999964e+01	-3.049244999999999907e-03
1.161999999999999922e+01	-3.775821999999999859e-03
1.164000000000000057e+01	-4.509385999999999776e-03
1.166000000000000014e+01	-5.247942000000000232e-03
1.167999999999999972e+01	-5.984370999999999614e-03
1.169999999999999929e+01	-6.658990000000000048e-03
1.172000000000000064e+01	-7.133510000000000024e-03
1.174000000000000021e+01	-7.244550000000000642e-03
1.175999999999999979e+01	-6.862159999999999961e-03
1.177999999999999936e+01	-5.967570000000000166e-03
1.180000000000000071e+01	-4.697289999999999799e-03
1.182000000000000028e+01	-3.272299999999999688e-03
1.183999999999999986e+01	-1.894686999999999934e-03
1.185999999999999943e+01	-6.786230000000000517e-04
1.188000000000000078e+01	3.739810000000000096e-04
1.190000000000000036e+01	1.378382000000000045e-03
1.191999999999999993e+01	2.478950000000000164e-03
1.193999999999999950e+01	3.701900000000000156e-03
1.196000000000000085e+01	4.870610000000000044e-03
1.198000000000000043e+01	5.718729999999999994e-03
1.200000000000000000e+01	6.142630000000000486e-03
1.201999999999999957e+01	6.238239999999999931e-03
1.203999999999999915e+01	6.193890000000000506e-03
1.206000000000000050e+01	6.127580000000000526e-03
1.208000000000000007e+01	6.024009999999999782e-03
1.209999999999999964e+01	5.770929999999999636e-03
1.211999999999999922e+01	5.218840000000000631e-03
1.214000000000000057e+01	4.327950000000000547e-03
1.216000000000000014e+01	3.200740000000000095e-03
1.217999999999999972e+01	2.003201999999999934e-03
1.219999999999999929e+01	9.433080000000001238e-04
1.222000000000000064e+01	2.345100000000000569e-04
1.224000000000000021e+01	-1.396999999999986794e-05
1.225999999999999979e+01	1.187700000000002469e-04
1.227999999999999936e+01	4.101299999999998697e-04
1.230000000000000071e+01	6.848500000000000854e-04
1.232000000000000028e+01	8.931200000000000683e-04
1.233999999999999986e+01	1.047590000000000153e-03
1.235999999999999943e+01	1.167796000000000025e-03
1.238000000000000078e+01	1.247950600000000045e-03
1.240000000000000036e+01	1.246483999999999960e-03
1.241999999999999993e+01	1.090629999999999985e-03
1.243999999999999950e+01	7.487000000000001466e-04
1.246000000000000085e+01	2.557599999999998416e-04
1.248000000000000043e+01	-3.256700000000005597e-04
1.250000000000000000e+01	-9.241099999999996886e-04
1.251999999999999957e+01	-1.445169999999999962e-03
1.253999999999999915e+01	-1.805269999999999878e-03
1.256000000000000050e+01	-2.001149999999999717e-03
1.258000000000000007e+01	-2.124530000000000342e-03
1.259999999999999964e+01	-2.282580000000000633e-03
1.261999999999999922e+01	-2.528960000000000236e-03
1.264000000000000057e+01	-2.863560000000000237e-03
1.266000000000000014e+01	-3.234830000000000171e-03
1.267999999999999972e+01	-3.555993000000000348e-03
1.269999999999999929e+01	-3.760543699999999677e-03
1.272000000000000064e+01	-3.822156000000000164e-03
1.274000000000000021e+01	-3.729559999999999820e-03
1.275999999999999979e+01	-3.518569999999999944e-03
1.277999999999999936e+01	-3.258943000000000256e-03
1.280000000000000071e+01	-2.993443000000000145e-03
1.282000000000000028e+01	-2.692500000000000449e-03
1.283999999999999986e+01	-2.302620000000000014e-03
1.285999999999999943e+01	-1.817019999999999920e-03
1.288000000000000078e+01	-1.250269999999999507e-03
1.290000000000000036e+01	-6.164200000000003357e-04
1.291999999999999993e+01	9.651999999999924529e-05
1.293999999999999950e+01	9.150100000000008227e-04
1.296000000000000085e+01	1.838580000000001116e-03
1.298000000000000043e+01	2.795299999999998827e-03
1.300000000000000000e+01	3.666180000000000654e-03
1.301999999999999957e+01	4.358649999999999504e-03
1.303999999999999915e+01	4.840399999999999911e-03
1.306000000000000050e+01	5.123700000000000129e-03
1.308000000000000007e+01	5.235449999999999132e-03
1.309999999999999964e+01	5.206989999999999882e-03
1.311999999999999922e+01	5.048579999999999561e-03
1.314000000000000057e+01	4.759231000000000052e-03
1.316000000000000014e+01	4.361485999999999488e-03
1.317999999999999972e+01	3.888659999999999946e-03
1.319999999999999929e+01	3.320136000000000007e-03
1.322000000000000064e+01	2.595870000000000122e-03
1.324000000000000021e+01	1.734340000000000014e-03
1.325999999999999979e+01	8.819400000000003279e-04
1.327999999999999936e+01	1.792099999999999596e-04
1.330000000000000071e+01	-3.477499999999999689e-04
1.332000000000000028e+01	-7.370699999999993923e-04
1.333999999999999986e+01	-1.043090000000000857e-03
1.335999999999999943e+01	-1.359250000000000215e-03
1.338000000000000078e+01	-1.763419999999999918e-03
1.340000000000000036e+01	-2.240809999999999330e-03
1.341999999999999993e+01	-2.701710000000000396e-03
1.343999999999999950e+01	-3.054500000000000791e-03
1.346000000000000085e+01	-3.267089999999999404e-03
1.348000000000000043e+01	-3.384819999999999322e-03
1.350000000000000000e+01	-3.525050000000000926e-03
1.351999999999999957e+01	-3.794720000000000558e-03
1.353999999999999915e+01	-4.209799999999999653e-03
1.356000000000000050e+01	-4.686779999999999766e-03
1.358000000000000007e+01	-5.094490000000000129e-03
1.359999999999999964e+01	-5.322204230000000466e-03
1.361999999999999922e+01	-5.326047999999999893e-03
1.364000000000000057e+01	-5.113790000000000002e-03
1.366000000000000014e+01	-4.700460000000000055e-03
1.367999999999999972e+01	-4.114620000000000256e-03
1.369999999999999929e+01	-3.390863000000000037e-03
1.372000000000000064e+01	-2.558681000000000150e-03
1.374000000000000021e+01	-1.644390000000000131e-03
1.375999999999999979e+01	-6.868700000000000153e-04
1.377999999999999936e+01	2.578800000000002618e-04
1.380000000000000071e+01	1.154950000000000074e-03
1.382000000000000028e+01	1.998439999999999765e-03
1.383999999999999986e+01	2.791879999999999622e-03
1.385999999999999943e+01	3.523999999999999789e-03
1.388000000000000078e+01	4.155625000000000464e-03
1.390000000000000036e+01	4.626698999999999742e-03
1.391999999999999993e+01	4.876511000000000040e-03
1.393999999999999950e+01	4.912465999999999881e-03
1.396000000000000085e+01	4.810555000000000213e-03
1.398000000000000043e+01	4.635331999999999820e-03
1.400000000000000000e+01	4.424638399999999971e-03
1.401999999999999957e+01	4.192623000000000356e-03
1.403999999999999915e+01	3.935665999999999991e-03
1.406000000000000050e+01	3.648672000000000373e-03
1.408000000000000007e+01	3.323479999999999750e-03
1.409999999999999964e+01	2.958349999999999782e-03
1.411999999999999922e+01	2.555399999999999339e-03
1.414000000000000057e+01	2.117730000000000393e-03
1.416000000000000014e+01	1.658959999999999688e-03
1.417999999999999972e+01	1.191109999999999999e-03
1.419999999999999929e+01	7.136899999999998974e-04
1.422000000000000064e+01	2.143499999999998705e-04
1.424000000000000021e+01	-3.375400000000001056e-04
1.425999999999999979e+01	-9.577649999999999619e-04
1.427999999999999936e+01	-1.642997999999999898e-03
1.430000000000000071e+01	-2.393759999999999985e-03
1.432000000000000028e+01	-3.194662000000000023e-03
1.433999999999999986e+01	-4.004976999999999843e-03
1.435999999999999943e+01	-4.777395999999999726e-03
1.438000000000000078e+01	-5.469986999999999940e-03
1.440000000000000036e+01	-6.030238999999999738e-03
1.441999999999999993e+01	-6.406280000000000308e-03
1.443999999999999950e+01	-6.568480000000000672e-03
1.446000000000000085e+01	-6.501999999999999967e-03
1.448000000000000043e+01	-6.212450000000000437e-03
1.450000000000000000e+01	-5.725270000000000185e-03
1.451999999999999957e+01	-5.072469999999999930e-03
1.453999999999999915e+01	-4.287650000000000489e-03
1.456000000000000050e+01	-3.416219999999999760e-03
1.458000000000000007e+01	-2.493935999999999983e-03
1.459999999999999964e+01	-1.541860999999999839e-03
1.461999999999999922e+01	-5.877716000000000494e-04
1.464000000000000057e+01	3.202850000000000683e-04
1.466000000000000014e+01	1.165192000000000007e-03
1.467999999999999972e+01	1.986755100000000239e-03
1.469999999999999929e+01	2.829205000000000001e-03
1.472000000000000064e+01	3.710547000000000237e-03
1.474000000000000021e+01	4.610183999999999810e-03
1.475999999999999979e+01	5.466860000000000469e-03
1.477999999999999936e+01	6.211450000000000304e-03
1.480000000000000071e+01	6.811329999999999989e-03
1.482000000000000028e+01	7.250079999999999893e-03
1.483999999999999986e+01	7.484639999999999870e-03
1.485999999999999943e+01	7.448729999999999761e-03
1.488000000000000078e+01	7.147030000000000396e-03
1.490000000000000036e+01	6.656650000000000067e-03
1.491999999999999993e+01	6.054499999999999986e-03
1.493999999999999950e+01	5.369950000000000070e-03
1.496000000000000085e+01	4.621160000000000025e-03
1.498000000000000043e+01	3.848550000000000061e-03
1.500000000000000000e+01	3.072575999999999606e-03
1.501999999999999957e+01	2.287285000000000013e-03
1.503999999999999915e+01	1.494360000000000133e-03
1.506000000000000050e+01	6.992100000000000225e-04
1.508000000000000007e+01	-1.165400000000000463e-04
1.509999999999999964e+01	-9.623900000000000336e-04
1.511999999999999922e+01	-1.801729999999999868e-03
1.514000000000000057e+01	-2.574400000000000126e-03
1.516000000000000014e+01	-3.250730000000000286e-03
1.517999999999999972e+01	-3.814923999999999919e-03
1.519999999999999929e+01	-4.238159999999999497e-03
1.522000000000000064e+01	-4.509135299999999721e-03
1.524000000000000021e+01	-4.649422999999999750e-03
1.525999999999999979e+01	-4.699983999999999933e-03
1.527999999999999936e+01	-4.690909999999999525e-03
1.530000000000000071e+01	-4.643760000000000249e-03
1.532000000000000028e+01	-4.576170000000000064e-03
1.533999999999999986e+01	-4.466259999999999675e-03
1.535999999999999943e+01	-4.274270000000000153e-03
1.538000000000000078e+01	-3.984429999999999743e-03
1.540000000000000036e+01	-3.631099999999999953e-03
1.541999999999999993e+01	-3.274818999999999994e-03
1.543999999999999950e+01	-2.975442999999999925e-03
1.546000000000000085e+01	-2.756055999999999784e-03
1.548000000000000043e+01	-2.583943000000000004e-03
1.550000000000000000e+01	-2.417150000000000288e-03
1.551999999999999957e+01	-2.185509999999999883e-03
1.553999999999999915e+01	-1.791739999999999566e-03
1.556000000000000050e+01	-1.154609999999999925e-03
1.558000000000000007e+01	-2.520600000000001312e-04
1.559999999999999964e+01	8.639199999999997923e-04
1.561999999999999922e+01	2.106269999999999930e-03
1.564000000000000057e+01	3.376939999999999716e-03
1.566000000000000014e+01	4.566540000000000009e-03
1.567999999999999972e+01	5.572841000000000253e-03
1.569999999999999929e+01	6.333739000000000556e-03
1.572000000000000064e+01	6.822170000000000664e-03
1.574000000000000021e+01	7.003789999999999322e-03
1.575999999999999979e+01	6.825290000000000350e-03
1.577999999999999936e+01	6.296519999999999895e-03
1.580000000000000071e+01	5.512519999999999920e-03
1.582000000000000028e+01	4.578330000000000247e-03
1.583999999999999986e+01	3.577560000000000028e-03
1.585999999999999943e+01	2.588329999999999798e-03
1.588000000000000078e+01	1.674655000000000154e-03
1.590000000000000036e+01	8.488379999999999797e-04
1.591999999999999993e+01	9.276999999999983176e-05
1.593999999999999950e+01	-6.160499999999999310e-04
1.596000000000000085e+01	-1.315749999999999862e-03
1.598000000000000043e+01	-2.021430000000000275e-03
1.600000000000000000e+01	-2.708150999999999788e-03
1.601999999999999957e+01	-3.356936000000000468e-03
1.603999999999999915e+01	-3.966518000000000474e-03
1.605999999999999872e+01	-4.528179999999999705e-03
1.607999999999999829e+01	-5.015473999999999800e-03
1.610000000000000142e+01	-5.377628499999999485e-03
1.612000000000000099e+01	-5.556997299999999820e-03
1.614000000000000057e+01	-5.526406230000000148e-03
1.616000000000000014e+01	-5.295545000000000460e-03
1.617999999999999972e+01	-4.901910000000000642e-03
1.619999999999999929e+01	-4.398138000000000221e-03
1.621999999999999886e+01	-3.836302999999999675e-03
1.623999999999999844e+01	-3.240820000000000159e-03
1.626000000000000156e+01	-2.616229999999999771e-03
1.628000000000000114e+01	-1.971070000000000114e-03
1.630000000000000071e+01	-1.334820000000000017e-03
1.632000000000000028e+01	-7.325700000000000961e-04
1.633999999999999986e+01	-1.701199999999997332e-04
1.635999999999999943e+01	3.295799999999998904e-04
1.637999999999999901e+01	7.433700000000001418e-04
1.639999999999999858e+01	1.086670000000000301e-03
1.642000000000000171e+01	1.385049999999999866e-03
1.644000000000000128e+01	1.618089000000000072e-03
1.646000000000000085e+01	1.758327999999999974e-03
1.648000000000000043e+01	1.819223999999999928e-03
1.650000000000000000e+01	1.846691000000000131e-03
1.651999999999999957e+01	1.900911999999999828e-03
1.653999999999999915e+01	2.018327999999999789e-03
1.655999999999999872e+01	2.202650000000000007e-03
1.657999999999999829e+01	2.449920000000000396e-03
1.660000000000000142e+01	2.742140000000000116e-03
1.662000000000000099e+01	3.055919999999999730e-03
1.664000000000000057e+01	3.352059999999999589e-03
1.666000000000000014e+01	3.562069999999999646e-03
1.667999999999999972e+01	3.632110000000000026e-03
1.669999999999999929e+01	3.561439999999999485e-03
1.671999999999999886e+01	3.398899999999999838e-03
1.673999999999999844e+01	3.187619999999999516e-03
1.676000000000000156e+01	2.929079999999999705e-03
1.678000000000000114e+01	2.598330000000000257e-03
1.680000000000000071e+01	2.168049999999999925e-03
1.682000000000000028e+01	1.627630000000000136e-03
1.683999999999999986e+01	1.006010000000000324e-03
1.685999999999999943e+01	3.391600000000000257e-04
1.687999999999999901e+01	-3.504199999999999416e-04
1.689999999999999858e+01	-1.059637999999999899e-03
1.692000000000000171e+01	-1.784205999999999986e-03
1.694000000000000128e+01	-2.488810000000000154e-03
1.696000000000000085e+01	-3.133598000000000459e-03
1.698000000000000043e+01	-3.686669000000000057e-03
1.700000000000000000e+01	-4.125275999999999769e-03
1.701999999999999957e+01	-4.427888999999999957e-03
1.703999999999999915e+01	-4.566839999999999962e-03
1.705999999999999872e+01	-4.521250000000000095e-03
1.707999999999999829e+01	-4.281855000000000210e-03
1.710000000000000142e+01	-3.855664999999999874e-03
1.712000000000000099e+01	-3.269198099999999670e-03
1.714000000000000057e+01	-2.555155999999999834e-03
1.716000000000000014e+01	-1.767088000000000209e-03
1.717999999999999972e+01	-9.835900000000001153e-04
1.719999999999999929e+01	-2.645400000000001743e-04
1.721999999999999886e+01	3.435800000000000139e-04
1.723999999999999844e+01	8.041299999999999056e-04
1.726000000000000156e+01	1.113199000000000046e-03
1.728000000000000114e+01	1.295382000000000087e-03
1.730000000000000071e+01	1.389973999999999984e-03
1.732000000000000028e+01	1.435658000000000030e-03
1.733999999999999986e+01	1.468414999999999825e-03
1.735999999999999943e+01	1.525606000000000097e-03
1.737999999999999901e+01	1.640692999999999926e-03
1.739999999999999858e+01	1.822617999999999808e-03
1.742000000000000171e+01	2.038179999999999679e-03
1.744000000000000128e+01	2.248090000000000331e-03
1.746000000000000085e+01	2.433410000000000434e-03
1.748000000000000043e+01	2.585740000000000000e-03
1.750000000000000000e+01	2.705840000000000155e-03
1.751999999999999957e+01	2.799080999999999705e-03
1.753999999999999915e+01	2.865086000000000195e-03
1.755999999999999872e+01	2.898376000000000251e-03
1.757999999999999829e+01	2.909084000000000149e-03
1.760000000000000142e+01	2.900569999999999884e-03
1.762000000000000099e+01	2.866289999999999637e-03
1.764000000000000057e+01	2.801650000000000147e-03
1.766000000000000014e+01	2.683801999999999889e-03
1.767999999999999972e+01	2.472199000000000011e-03
1.769999999999999929e+01	2.123199000000000093e-03
1.771999999999999886e+01	1.624602000000000164e-03
1.773999999999999844e+01	1.019710000000000061e-03
1.776000000000000156e+01	3.830299999999996988e-04
1.778000000000000114e+01	-2.288099999999998642e-04
1.780000000000000071e+01	-7.851899999999998464e-04
1.782000000000000028e+01	-1.270589999999999827e-03
1.783999999999999986e+01	-1.684649999999999993e-03
1.785999999999999943e+01	-2.047570000000000293e-03
1.787999999999999901e+01	-2.374379999999999720e-03
1.789999999999999858e+01	-2.660459000000000001e-03
1.792000000000000171e+01	-2.904065999999999852e-03
1.794000000000000128e+01	-3.118403699999999865e-03
1.796000000000000085e+01	-3.315193000000000133e-03
1.798000000000000043e+01	-3.486129999999999611e-03
1.800000000000000000e+01	-3.600367999999999624e-03
1.801999999999999957e+01	-3.607367000000000212e-03
1.803999999999999915e+01	-3.479979999999999705e-03
1.805999999999999872e+01	-3.222000000000000038e-03
1.807999999999999829e+01	-2.834510000000000154e-03
1.810000000000000142e+01	-2.321972000000000272e-03
1.812000000000000099e+01	-1.729141000000000011e-03
1.814000000000000057e+01	-1.124318999999999926e-03
1.816000000000000014e+01	-5.541230000000000070e-04
1.817999999999999972e+01	-3.234270000000000461e-05
1.819999999999999929e+01	4.385059999999999653e-04
1.821999999999999886e+01	8.436060000000000000e-04
1.823999999999999844e+01	1.153542000000000022e-03
1.826000000000000156e+01	1.350971000000000073e-03
1.828000000000000114e+01	1.442100999999999886e-03
1.830000000000000071e+01	1.452624999999999923e-03
1.832000000000000028e+01	1.415421999999999948e-03
1.833999999999999986e+01	1.364428100000000029e-03
1.835999999999999943e+01	1.326450000000000068e-03
1.837999999999999901e+01	1.305854999999999863e-03
1.839999999999999858e+01	1.293672000000000051e-03
1.842000000000000171e+01	1.268564000000000020e-03
1.844000000000000128e+01	1.207381999999999900e-03
1.846000000000000085e+01	1.122554000000000000e-03
1.848000000000000043e+01	1.049096000000000013e-03
1.850000000000000000e+01	1.010934000000000225e-03
1.851999999999999957e+01	1.010748000000000115e-03
1.853999999999999915e+01	1.030521399999999874e-03
1.855999999999999872e+01	1.034778999999999994e-03
1.857999999999999829e+01	9.772069999999999021e-04
1.860000000000000142e+01	8.225399999999999682e-04
1.862000000000000099e+01	5.527907199999999941e-04
1.864000000000000057e+01	1.709469999999999610e-04
1.866000000000000014e+01	-3.011029999999999393e-04
1.867999999999999972e+01	-8.207320000000000153e-04
1.869999999999999929e+01	-1.345822950000000098e-03
1.871999999999999886e+01	-1.852611000000000101e-03
1.873999999999999844e+01	-2.314825999999999863e-03
1.876000000000000156e+01	-2.703315999999999879e-03
1.878000000000000114e+01	-2.993533999999999952e-03
1.880000000000000071e+01	-3.179609999999999815e-03
1.882000000000000028e+01	-3.272090000000000068e-03
1.883999999999999986e+01	-3.292390000000000073e-03
1.885999999999999943e+01	-3.257920000000000087e-03
1.887999999999999901e+01	-3.164229999999999647e-03
1.889999999999999858e+01	-2.997859999999999761e-03
1.892000000000000171e+01	-2.755630000000000232e-03
1.894000000000000128e+01	-2.436849999999999954e-03
1.896000000000000085e+01	-2.040702000000000141e-03
1.898000000000000043e+01	-1.577655999999999980e-03
1.900000000000000000e+01	-1.064210000000000112e-03
1.901999999999999957e+01	-5.172879999999999709e-04
1.903999999999999915e+01	4.772800000000002821e-05
1.905999999999999872e+01	6.157559999999999640e-04
1.907999999999999829e+01	1.167906999999999930e-03
1.910000000000000142e+01	1.683315000000000115e-03
1.912000000000000099e+01	2.146017999999999971e-03
1.914000000000000057e+01	2.542294000000000064e-03
1.916000000000000014e+01	2.860679999999999994e-03
1.917999999999999972e+01	3.094470000000000207e-03
1.919999999999999929e+01	3.244180000000000154e-03
1.921999999999999886e+01	3.315610000000000085e-03
1.923999999999999844e+01	3.314919999999999846e-03
1.926000000000000156e+01	3.250929999999999966e-03
1.928000000000000114e+01	3.136220000000000327e-03
1.930000000000000071e+01	2.980560000000000154e-03
1.932000000000000028e+01	2.787620000000000202e-03
1.933999999999999986e+01	2.559050000000000213e-03
1.935999999999999943e+01	2.294749999999999915e-03
1.937999999999999901e+01	1.995239000000000214e-03
1.939999999999999858e+01	1.665830999999999996e-03
1.942000000000000171e+01	1.318403000000000110e-03
1.944000000000000128e+01	9.673830000000000449e-04
1.946000000000000085e+01	6.283088000000000041e-04
1.948000000000000043e+01	3.144119999999999706e-04
1.950000000000000000e+01	3.370199999999998327e-05
1.951999999999999957e+01	-2.097660000000000106e-04
1.953999999999999915e+01	-4.152119999999999813e-04
1.955999999999999872e+01	-5.850620999999999426e-04
1.957999999999999829e+01	-7.246095999999999614e-04
1.960000000000000142e+01	-8.398604000000000269e-04
1.962000000000000099e+01	-9.364878999999999348e-04
1.964000000000000057e+01	-1.019850899999999970e-03
1.966000000000000014e+01	-1.092520000000000036e-03
1.967999999999999972e+01	-1.154379999999999989e-03
1.969999999999999929e+01	-1.204699000000000048e-03
1.971999999999999886e+01	-1.242456999999999980e-03
1.973999999999999844e+01	-1.265966000000000096e-03
1.976000000000000156e+01	-1.272059199999999932e-03
1.978000000000000114e+01	-1.256427600000000052e-03
1.980000000000000071e+01	-1.214517799999999866e-03
1.982000000000000028e+01	-1.142258400000000082e-03
1.983999999999999986e+01	-1.036305099999999986e-03
1.985999999999999943e+01	-8.949571799999999754e-04
1.987999999999999901e+01	-7.186098700000000377e-04
1.989999999999999858e+01	-5.098593000000000873e-04
1.992000000000000171e+01	-2.732664000000000100e-04
1.994000000000000128e+01	-1.514529999999999880e-05
1.996000000000000085e+01	2.567237999999999899e-04
1.998000000000000043e+01	5.336148000000000193e-04
2.000000000000000000e+01	8.066504999999999639e-04
