0.000000000000000000e+00	0.000000000000000000e+00
2.000000000000000042e-02	9.706899627367999602e-07
4.000000000000000083e-02	-3.600060698619999744e-06
5.999999999999999778e-02	6.638162941609999630e-06
8.000000000000000167e-02	3.351880996561999894e-05
1.000000000000000056e-01	3.962149291183999860e-05
1.199999999999999956e-01	2.373265701180000210e-05
1.400000000000000133e-01	-1.289462075140000004e-05
1.600000000000000033e-01	-7.407922356649999571e-05
1.799999999999999933e-01	-1.456808857459999842e-04
2.000000000000000111e-01	-2.168800073677699925e-04
2.200000000000000011e-01	-2.999830790931999570e-04
2.399999999999999911e-01	-3.946596491770000287e-04
2.600000000000000089e-01	-4.747076670500000278e-04
2.800000000000000266e-01	-5.667403059099999528e-04
2.999999999999999889e-01	-7.149449764149999782e-04
3.200000000000000067e-01	-8.525963087300000680e-04
3.400000000000000244e-01	-9.783390913999999265e-04
3.599999999999999867e-01	-1.129138069199999914e-03
3.800000000000000044e-01	-1.275584358000000050e-03
4.000000000000000222e-01	-1.392635634999999988e-03
4.199999999999999845e-01	-1.481333910000000092e-03
4.400000000000000022e-01	-1.559177970000000159e-03
4.600000000000000200e-01	-1.605842180000000051e-03
4.799999999999999822e-01	-1.588138740000000085e-03
5.000000000000000000e-01	-1.471641739999999957e-03
5.200000000000000178e-01	-1.270277819999999971e-03
5.400000000000000355e-01	-1.043004460000000050e-03
5.600000000000000533e-01	-8.660925200000000376e-04
5.799999999999999600e-01	-7.444525000000000014e-04
5.999999999999999778e-01	-6.882176999999999956e-04
6.199999999999999956e-01	-6.240014999999999581e-04
6.400000000000000133e-01	-5.306179999999999534e-04
6.600000000000000311e-01	-3.774470000000000472e-04
6.800000000000000488e-01	-9.379700000000001014e-05
6.999999999999999556e-01	2.084429999999999963e-04
7.199999999999999734e-01	5.084269999999999892e-04
7.399999999999999911e-01	7.606769999999999678e-04
7.600000000000000089e-01	9.305030000000000592e-04
7.800000000000000266e-01	1.028629999999999996e-03
8.000000000000000444e-01	1.102377999999999995e-03
8.199999999999999512e-01	1.165011000000000085e-03
8.399999999999999689e-01	1.194917599999999972e-03
8.599999999999999867e-01	1.153370999999999823e-03
8.800000000000000044e-01	1.095328000000000013e-03
9.000000000000000222e-01	1.033750999999999854e-03
9.200000000000000400e-01	9.859819999999998308e-04
9.399999999999999467e-01	9.591200000000000463e-04
9.599999999999999645e-01	8.343450000000000085e-04
9.799999999999999822e-01	7.476900000000000733e-04
1.000000000000000000e+00	6.845300000000000343e-04
1.020000000000000018e+00	5.626900000000000217e-04
1.040000000000000036e+00	4.128900000000001753e-04
1.060000000000000053e+00	3.403799999999999361e-04
1.080000000000000071e+00	2.756399999999999562e-04
1.100000000000000089e+00	1.815799999999999793e-04
1.120000000000000107e+00	1.474399999999999843e-04
1.139999999999999902e+00	3.071000000000000379e-04
1.159999999999999920e+00	5.270000000000001246e-04
1.179999999999999938e+00	6.495500000000000405e-04
1.199999999999999956e+00	8.337699999999999539e-04
1.219999999999999973e+00	1.162300999999999916e-03
1.239999999999999991e+00	1.602223999999999966e-03
1.260000000000000009e+00	1.887996999999999983e-03
1.280000000000000027e+00	2.001664999999999695e-03
1.300000000000000044e+00	1.999131000000000345e-03
1.320000000000000062e+00	1.934362999999999925e-03
1.340000000000000080e+00	1.946386999999999944e-03
1.360000000000000098e+00	1.990692000000000069e-03
1.379999999999999893e+00	2.059609999999999913e-03
1.399999999999999911e+00	2.171460000000000057e-03
1.419999999999999929e+00	2.301270000000000225e-03
1.439999999999999947e+00	2.386590000000000066e-03
1.459999999999999964e+00	2.376989999999999832e-03
1.479999999999999982e+00	2.424219999999999934e-03
1.500000000000000000e+00	2.508269999999999944e-03
1.520000000000000018e+00	2.509739999999999888e-03
1.540000000000000036e+00	2.496299999999999908e-03
1.560000000000000053e+00	2.496909999999999755e-03
1.580000000000000071e+00	2.458749999999999998e-03
1.600000000000000089e+00	2.397429999999999874e-03
1.620000000000000107e+00	2.292639999999999869e-03
1.639999999999999902e+00	2.201190000000000004e-03
1.659999999999999920e+00	2.159381000000000148e-03
1.679999999999999938e+00	2.121653999999999728e-03
1.699999999999999956e+00	2.105263999999999920e-03
1.719999999999999973e+00	2.009316000000000140e-03
1.739999999999999991e+00	1.743900999999999958e-03
1.760000000000000009e+00	1.386889000000000090e-03
1.780000000000000027e+00	1.036875999999999944e-03
1.800000000000000044e+00	7.527408999999999880e-04
1.820000000000000062e+00	5.314074000000000445e-04
1.840000000000000080e+00	3.000169999999999703e-04
1.860000000000000098e+00	6.445099999999998313e-05
1.879999999999999893e+00	-9.489300000000002811e-05
1.899999999999999911e+00	-1.952120000000000547e-04
1.919999999999999929e+00	-3.302660000000000665e-04
1.939999999999999947e+00	-5.735799999999999666e-04
1.959999999999999964e+00	-1.032280000000000003e-03
1.979999999999999982e+00	-1.732733100000000007e-03
2.000000000000000000e+00	-2.590958999999999884e-03
2.020000000000000018e+00	-3.580949999999999845e-03
2.040000000000000036e+00	-4.597389999999999810e-03
2.060000000000000053e+00	-5.511010000000000214e-03
2.080000000000000071e+00	-6.127280000000000573e-03
2.100000000000000089e+00	-6.482520000000000296e-03
2.120000000000000107e+00	-6.859650000000000122e-03
2.140000000000000124e+00	-7.295970000000000580e-03
2.160000000000000142e+00	-7.788609999999999631e-03
2.180000000000000160e+00	-8.262789999999999024e-03
2.200000000000000178e+00	-8.654470000000000912e-03
2.220000000000000195e+00	-9.115700000000000885e-03
2.240000000000000213e+00	-9.739370000000000666e-03
2.259999999999999787e+00	-1.045505999999999866e-02
2.279999999999999805e+00	-1.103894000000000056e-02
2.299999999999999822e+00	-1.150721000000000036e-02
2.319999999999999840e+00	-1.196858999999999944e-02
2.339999999999999858e+00	-1.234971999999999806e-02
2.359999999999999876e+00	-1.263260000000000077e-02
2.379999999999999893e+00	-1.286484999999999886e-02
2.399999999999999911e+00	-1.290517000000000053e-02
2.419999999999999929e+00	-1.252435000000000007e-02
2.439999999999999947e+00	-1.162383999999999987e-02
2.459999999999999964e+00	-1.006153999999999903e-02
2.479999999999999982e+00	-8.011159999999999809e-03
2.500000000000000000e+00	-5.614499999999999699e-03
2.520000000000000018e+00	-3.007794999999999740e-03
2.540000000000000036e+00	-2.345476000000000039e-04
2.560000000000000053e+00	2.576026999999999831e-03
2.580000000000000071e+00	5.204890000000000211e-03
2.600000000000000089e+00	7.697660000000000266e-03
2.620000000000000107e+00	1.000319000000000035e-02
2.640000000000000124e+00	1.206192999999999849e-02
2.660000000000000142e+00	1.386101000000000000e-02
2.680000000000000160e+00	1.525277000000000056e-02
2.700000000000000178e+00	1.595326999999999856e-02
2.720000000000000195e+00	1.615696999999999967e-02
2.740000000000000213e+00	1.621882000000000185e-02
2.759999999999999787e+00	1.647396000000000277e-02
2.779999999999999805e+00	1.694158999999999943e-02
2.799999999999999822e+00	1.739947000000000021e-02
2.819999999999999840e+00	1.756703999999999904e-02
2.839999999999999858e+00	1.729490000000000194e-02
2.859999999999999876e+00	1.699604000000000045e-02
2.879999999999999893e+00	1.689555000000000223e-02
2.899999999999999911e+00	1.663333999999999993e-02
2.919999999999999929e+00	1.589915999999999899e-02
2.939999999999999947e+00	1.485557000000000023e-02
2.959999999999999964e+00	1.334282999999999997e-02
2.979999999999999982e+00	1.119822800000000104e-02
3.000000000000000000e+00	8.523279999999999398e-03
3.020000000000000018e+00	5.498560000000000426e-03
3.040000000000000036e+00	2.296699999999999610e-03
3.060000000000000053e+00	-1.106150000000000189e-03
3.080000000000000071e+00	-4.466240000000000661e-03
3.100000000000000089e+00	-7.157820000000000502e-03
3.120000000000000107e+00	-8.704799999999998650e-03
3.140000000000000124e+00	-9.021100000000000646e-03
3.160000000000000142e+00	-8.013751609999999678e-03
3.180000000000000160e+00	-5.794910000000000339e-03
3.200000000000000178e+00	-3.336210000000000044e-03
3.220000000000000195e+00	-1.567250000000000067e-03
3.240000000000000213e+00	-5.693700000000000323e-04
3.259999999999999787e+00	-5.319800000000004733e-04
3.279999999999999805e+00	-1.324969999999999967e-03
3.299999999999999822e+00	-2.340319999999999900e-03
3.319999999999999840e+00	-3.033990000000000298e-03
3.339999999999999858e+00	-2.955039999999999056e-03
3.359999999999999876e+00	-2.599230000000000117e-03
3.379999999999999893e+00	-2.662570000000000388e-03
3.399999999999999911e+00	-3.470440000000000851e-03
3.419999999999999929e+00	-5.307399999999999445e-03
3.439999999999999947e+00	-7.942259999999999598e-03
3.459999999999999964e+00	-1.044162000000000041e-02
3.479999999999999982e+00	-1.175290000000000015e-02
3.500000000000000000e+00	-1.153813999999999881e-02
3.520000000000000018e+00	-1.009358999999999951e-02
3.540000000000000036e+00	-7.913220000000000323e-03
3.560000000000000053e+00	-5.226699999999999922e-03
3.580000000000000071e+00	-2.298891999999999863e-03
3.600000000000000089e+00	4.713839000000000050e-04
3.620000000000000107e+00	3.016229999999999953e-03
3.640000000000000124e+00	5.062670000000000017e-03
3.660000000000000142e+00	6.009089999999999918e-03
3.680000000000000160e+00	5.813220000000000019e-03
3.700000000000000178e+00	4.984539999999999978e-03
3.720000000000000195e+00	3.825539000000000196e-03
3.740000000000000213e+00	2.578257999999999939e-03
3.759999999999999787e+00	1.358496299999999938e-03
3.779999999999999805e+00	2.815710000000000185e-05
3.799999999999999822e+00	-1.487815999999999878e-03
3.819999999999999840e+00	-2.941794000000000180e-03
3.839999999999999858e+00	-3.880596999999999953e-03
3.859999999999999876e+00	-4.103019999999999758e-03
3.879999999999999893e+00	-3.464559999999999775e-03
3.899999999999999911e+00	-1.983110000000000168e-03
3.919999999999999929e+00	-3.339000000000000388e-04
3.939999999999999947e+00	8.069039999999999980e-04
3.959999999999999964e+00	1.440585999999999993e-03
3.979999999999999982e+00	1.949833000000000208e-03
4.000000000000000000e+00	2.383451999999999880e-03
4.019999999999999574e+00	2.363960000000000020e-03
4.040000000000000036e+00	1.640689999999999770e-03
4.059999999999999609e+00	3.006800000000002179e-04
4.080000000000000071e+00	-1.574060000000000389e-03
4.099999999999999645e+00	-4.110830000000001080e-03
4.120000000000000107e+00	-7.217930000000000006e-03
4.139999999999999680e+00	-1.037470000000000059e-02
4.160000000000000142e+00	-1.299668999999999998e-02
4.179999999999999716e+00	-1.482155000000000104e-02
4.200000000000000178e+00	-1.568601000000000023e-02
4.219999999999999751e+00	-1.546671999999999977e-02
4.240000000000000213e+00	-1.424591000000000052e-02
4.259999999999999787e+00	-1.241207999999999895e-02
4.280000000000000249e+00	-1.049995999999999916e-02
4.299999999999999822e+00	-8.741910000000000305e-03
4.320000000000000284e+00	-7.254530000000000353e-03
4.339999999999999858e+00	-6.202360000000000512e-03
4.360000000000000320e+00	-5.553139999999999812e-03
4.379999999999999893e+00	-5.060999999999999527e-03
4.400000000000000355e+00	-4.707059999999999890e-03
4.419999999999999929e+00	-4.760949999999999904e-03
4.440000000000000391e+00	-5.288219999999999726e-03
4.459999999999999964e+00	-6.074620000000000193e-03
4.480000000000000426e+00	-6.578869999999999683e-03
4.500000000000000000e+00	-6.007199000000000393e-03
4.519999999999999574e+00	-3.955074999999999737e-03
4.540000000000000036e+00	-5.743379999999999753e-04
4.559999999999999609e+00	3.781109999999999853e-03
4.580000000000000071e+00	8.653410000000000268e-03
4.599999999999999645e+00	1.350068000000000101e-02
4.620000000000000107e+00	1.756142999999999940e-02
4.639999999999999680e+00	2.012055000000000093e-02
4.660000000000000142e+00	2.104223000000000204e-02
4.679999999999999716e+00	2.077400999999999900e-02
4.700000000000000178e+00	2.004929999999999907e-02
4.719999999999999751e+00	1.941004999999999814e-02
4.740000000000000213e+00	1.886389000000000121e-02
4.759999999999999787e+00	1.822825000000000140e-02
4.780000000000000249e+00	1.746407999999999988e-02
4.799999999999999822e+00	1.646136000000000127e-02
4.820000000000000284e+00	1.504923999999999845e-02
4.839999999999999858e+00	1.314420999999999992e-02
4.860000000000000320e+00	1.087506000000000063e-02
4.879999999999999893e+00	8.542420000000000221e-03
4.900000000000000355e+00	6.552511000000000446e-03
4.919999999999999929e+00	5.131365000000000579e-03
4.940000000000000391e+00	4.072979999999999483e-03
4.959999999999999964e+00	3.084500000000000436e-03
4.980000000000000426e+00	1.952730000000000177e-03
5.000000000000000000e+00	3.808399999999999112e-04
5.019999999999999574e+00	-1.781779999999999736e-03
5.040000000000000036e+00	-4.350080000000000092e-03
5.059999999999999609e+00	-6.959378000000000439e-03
5.080000000000000071e+00	-9.278440000000000645e-03
5.099999999999999645e+00	-1.120306999999999900e-02
5.120000000000000107e+00	-1.280488000000000112e-02
5.139999999999999680e+00	-1.401675000000000143e-02
5.160000000000000142e+00	-1.451902999999999874e-02
5.179999999999999716e+00	-1.414779000000000037e-02
5.200000000000000178e+00	-1.312135000000000037e-02
5.219999999999999751e+00	-1.178854000000000013e-02
5.240000000000000213e+00	-1.043144999999999836e-02
5.259999999999999787e+00	-9.275432999999999595e-03
5.280000000000000249e+00	-8.515908000000000852e-03
5.299999999999999822e+00	-8.247538999999999912e-03
5.320000000000000284e+00	-8.331817000000000042e-03
5.339999999999999858e+00	-8.384270000000000958e-03
5.360000000000000320e+00	-8.105080000000000617e-03
5.379999999999999893e+00	-7.478549999999999608e-03
5.400000000000000355e+00	-6.526899999999999542e-03
5.419999999999999929e+00	-5.172740000000000324e-03
5.440000000000000391e+00	-3.496720000000000036e-03
5.459999999999999964e+00	-1.815090699999999911e-03
5.480000000000000426e+00	-4.467939999999999781e-04
5.500000000000000000e+00	4.038919999999999880e-04
5.519999999999999574e+00	7.320899999999999110e-04
5.540000000000000036e+00	7.395900000000000390e-04
5.559999999999999609e+00	7.092399999999998705e-04
5.580000000000000071e+00	8.428699999999999040e-04
5.599999999999999645e+00	1.235899999999999846e-03
5.620000000000000107e+00	1.995699999999999558e-03
5.639999999999999680e+00	3.248259999999999776e-03
5.660000000000000142e+00	4.955239999999999645e-03
5.679999999999999716e+00	6.830330999999999382e-03
5.700000000000000178e+00	8.538689999999999822e-03
5.719999999999999751e+00	9.871019999999999447e-03
5.740000000000000213e+00	1.070932000000000134e-02
5.759999999999999787e+00	1.099152999999999936e-02
5.780000000000000249e+00	1.074313000000000004e-02
5.799999999999999822e+00	1.004319000000000045e-02
5.820000000000000284e+00	9.051739999999999092e-03
5.839999999999999858e+00	7.975919999999999191e-03
5.860000000000000320e+00	7.026449000000000583e-03
5.879999999999999893e+00	6.396587000000000453e-03
5.900000000000000355e+00	6.156806999999999384e-03
5.919999999999999929e+00	6.085800000000000584e-03
5.940000000000000391e+00	5.829919999999999720e-03
5.959999999999999964e+00	5.240780000000000438e-03
5.980000000000000426e+00	4.401509999999999971e-03
6.000000000000000000e+00	3.514376000000000045e-03
6.019999999999999574e+00	2.624966000000000278e-03
6.040000000000000036e+00	1.655181999999999834e-03
6.059999999999999609e+00	6.107199999999999261e-04
6.080000000000000071e+00	-3.933499999999999931e-04
6.099999999999999645e+00	-1.297074999999999964e-03
6.120000000000000107e+00	-2.174819000000000144e-03
6.139999999999999680e+00	-3.151633000000000039e-03
6.160000000000000142e+00	-4.224069799999999840e-03
6.179999999999999716e+00	-5.173412999999999970e-03
6.200000000000000178e+00	-5.779358999999999538e-03
6.219999999999999751e+00	-5.950900000000000287e-03
6.240000000000000213e+00	-5.647598200000000269e-03
6.259999999999999787e+00	-4.869938999999999345e-03
6.280000000000000249e+00	-3.710939999999999378e-03
6.299999999999999822e+00	-2.313910000000000619e-03
6.320000000000000284e+00	-8.585900000000002211e-04
6.339999999999999858e+00	4.828600000000003202e-04
6.360000000000000320e+00	1.541870000000000089e-03
6.379999999999999893e+00	2.155080000000000190e-03
6.400000000000000355e+00	2.299062999999999628e-03
6.419999999999999929e+00	2.113947000000000135e-03
6.440000000000000391e+00	1.763290899999999913e-03
6.459999999999999964e+00	1.350192000000000059e-03
6.480000000000000426e+00	9.526540000000000442e-04
6.500000000000000000e+00	6.803563999999999359e-04
6.519999999999999574e+00	5.675380000000000268e-04
6.540000000000000036e+00	4.796390000000000202e-04
6.559999999999999609e+00	2.859499999999998762e-04
6.580000000000000071e+00	-8.300999999999989810e-05
6.599999999999999645e+00	-6.486599999999999051e-04
6.620000000000000107e+00	-1.257459999999999958e-03
6.639999999999999680e+00	-1.774660000000000170e-03
6.660000000000000142e+00	-2.117009999999999899e-03
6.679999999999999716e+00	-2.345080000000000255e-03
6.700000000000000178e+00	-2.654294000000000184e-03
6.719999999999999751e+00	-3.104096399999999902e-03
6.740000000000000213e+00	-3.701541999999999940e-03
6.759999999999999787e+00	-4.383030000000000433e-03
6.780000000000000249e+00	-5.101130000000000594e-03
6.799999999999999822e+00	-5.847360000000000231e-03
6.820000000000000284e+00	-6.567899999999999780e-03
6.839999999999999858e+00	-7.221720000000000049e-03
6.860000000000000320e+00	-7.799159999999999426e-03
6.879999999999999893e+00	-8.326629999999999796e-03
6.900000000000000355e+00	-8.833260000000000764e-03
6.919999999999999929e+00	-9.274250000000001243e-03
6.940000000000000391e+00	-9.561949999999999616e-03
6.959999999999999964e+00	-9.579290000000000721e-03
6.980000000000000426e+00	-9.227200000000001373e-03
7.000000000000000000e+00	-8.512389999999999887e-03
7.019999999999999574e+00	-7.559159999999999664e-03
7.040000000000000036e+00	-6.499914000000000733e-03
7.059999999999999609e+00	-5.366760000000000801e-03
7.080000000000000071e+00	-4.164003999999999796e-03
7.099999999999999645e+00	-2.882199999999999693e-03
7.120000000000000107e+00	-1.550829999999999570e-03
7.139999999999999680e+00	-2.533299999999999615e-04
7.160000000000000142e+00	9.095499999999998551e-04
7.179999999999999716e+00	1.842199999999999567e-03
7.200000000000000178e+00	2.495180000000000054e-03
7.219999999999999751e+00	2.972269000000000039e-03
7.240000000000000213e+00	3.446971000000000063e-03
7.259999999999999787e+00	4.000985000000000305e-03
7.280000000000000249e+00	4.609209999999999870e-03
7.299999999999999822e+00	5.198579999999999521e-03
7.320000000000000284e+00	5.633810000000000380e-03
7.339999999999999858e+00	5.782363999999999907e-03
7.360000000000000320e+00	5.608214999999999728e-03
7.379999999999999893e+00	5.104829999999999438e-03
7.400000000000000355e+00	4.276649999999999896e-03
7.419999999999999929e+00	3.203699999999999430e-03
7.440000000000000391e+00	2.176169999999999841e-03
7.459999999999999964e+00	1.564110000000000500e-03
7.480000000000000426e+00	1.514589999999999687e-03
7.500000000000000000e+00	1.949229999999999713e-03
7.519999999999999574e+00	2.720179999999999126e-03
7.540000000000000036e+00	3.659169999999999784e-03
7.559999999999999609e+00	4.526280000000000581e-03
7.580000000000000071e+00	5.108320000000000395e-03
7.599999999999999645e+00	5.335115999999999990e-03
7.620000000000000107e+00	5.268980000000000365e-03
7.639999999999999680e+00	5.093166000000000533e-03
7.660000000000000142e+00	4.982570000000000401e-03
7.679999999999999716e+00	4.997579999999999731e-03
7.700000000000000178e+00	5.127740000000000423e-03
7.719999999999999751e+00	5.279885999999999260e-03
7.740000000000000213e+00	5.423470000000000547e-03
7.759999999999999787e+00	5.643363599999999536e-03
7.780000000000000249e+00	5.987092000000000282e-03
7.799999999999999822e+00	6.541009999999999880e-03
7.820000000000000284e+00	7.251249999999999883e-03
7.839999999999999858e+00	7.951748999999999276e-03
7.860000000000000320e+00	8.453218000000000190e-03
7.879999999999999893e+00	8.524224999999999858e-03
7.900000000000000355e+00	8.107174999999999451e-03
7.919999999999999929e+00	7.237478999999999787e-03
7.940000000000000391e+00	5.995089999999999794e-03
7.959999999999999964e+00	4.531859999999999535e-03
7.980000000000000426e+00	2.983829999999999816e-03
8.000000000000000000e+00	1.505912000000000093e-03
8.019999999999999574e+00	1.340899999999999037e-04
8.039999999999999147e+00	-1.107799999999999931e-03
8.060000000000000497e+00	-2.149670000000000226e-03
8.080000000000000071e+00	-3.023879999999999624e-03
8.099999999999999645e+00	-3.713920000000000329e-03
8.119999999999999218e+00	-4.205459999999999407e-03
8.140000000000000568e+00	-4.509439999999999976e-03
8.160000000000000142e+00	-4.647509999999999662e-03
8.179999999999999716e+00	-4.643150000000000402e-03
8.199999999999999289e+00	-4.453719999999999554e-03
8.220000000000000639e+00	-4.027699999999999510e-03
8.240000000000000213e+00	-3.323439999999999988e-03
8.259999999999999787e+00	-2.474559999999999781e-03
8.279999999999999361e+00	-1.666469999999999974e-03
8.300000000000000711e+00	-1.019405000000000137e-03
8.320000000000000284e+00	-6.869880000000000301e-04
8.339999999999999858e+00	-8.144680000000000496e-04
8.359999999999999432e+00	-1.386077999999999789e-03
8.380000000000000782e+00	-2.164671999999999864e-03
8.400000000000000355e+00	-2.913609999999999638e-03
8.419999999999999929e+00	-3.487894999999999971e-03
8.439999999999999503e+00	-3.835041999999999878e-03
8.460000000000000853e+00	-3.974458000000000157e-03
8.480000000000000426e+00	-3.990961999999999808e-03
8.500000000000000000e+00	-3.958932999999999550e-03
8.519999999999999574e+00	-3.836525999999999825e-03
8.539999999999999147e+00	-3.510880000000000077e-03
8.560000000000000497e+00	-2.957410000000000594e-03
8.580000000000000071e+00	-2.277980000000000196e-03
8.599999999999999645e+00	-1.701050000000000392e-03
8.619999999999999218e+00	-1.464489999999999716e-03
8.640000000000000568e+00	-1.694990000000000385e-03
8.660000000000000142e+00	-2.408040000000000180e-03
8.679999999999999716e+00	-3.436429999999999867e-03
8.699999999999999289e+00	-4.478938000000000016e-03
8.720000000000000639e+00	-5.259922999999999682e-03
8.740000000000000213e+00	-5.802947000000000140e-03
8.759999999999999787e+00	-6.286719999999999982e-03
8.779999999999999361e+00	-6.682189999999999311e-03
8.800000000000000711e+00	-6.797829999999999498e-03
8.820000000000000284e+00	-6.438620000000000801e-03
8.839999999999999858e+00	-5.599579999999999835e-03
8.859999999999999432e+00	-4.565370000000000018e-03
8.880000000000000782e+00	-3.583641999999999730e-03
8.900000000000000355e+00	-2.680822399999999942e-03
8.919999999999999929e+00	-1.771278999999999952e-03
8.939999999999999503e+00	-7.222599999999999593e-04
8.960000000000000853e+00	4.678899999999998859e-04
8.980000000000000426e+00	1.644843000000000000e-03
9.000000000000000000e+00	2.571217399999999910e-03
9.019999999999999574e+00	3.088885000000000415e-03
9.039999999999999147e+00	3.276450000000000196e-03
9.060000000000000497e+00	3.129370000000000242e-03
9.080000000000000071e+00	2.677569999999999777e-03
9.099999999999999645e+00	2.275796000000000069e-03
9.119999999999999218e+00	2.100250000000000120e-03
9.140000000000000568e+00	2.041416999999999798e-03
9.160000000000000142e+00	1.953794000000000017e-03
9.179999999999999716e+00	1.898671999999999903e-03
9.199999999999999289e+00	2.092989999999999868e-03
9.220000000000000639e+00	2.462809999999999739e-03
9.240000000000000213e+00	2.767862999999999747e-03
9.259999999999999787e+00	3.004755999999999920e-03
9.279999999999999361e+00	3.318450000000000132e-03
9.300000000000000711e+00	3.629124000000000065e-03
9.320000000000000284e+00	3.582548000000000069e-03
9.339999999999999858e+00	3.003734999999999999e-03
9.359999999999999432e+00	2.075406000000000126e-03
9.380000000000000782e+00	9.673573000000000631e-04
9.400000000000000355e+00	-2.009302999999999827e-04
9.419999999999999929e+00	-1.325891000000000049e-03
9.439999999999999503e+00	-2.295982000000000231e-03
9.460000000000000853e+00	-2.947121999999999936e-03
9.480000000000000426e+00	-3.275370000000000104e-03
9.500000000000000000e+00	-3.333745999999999845e-03
9.519999999999999574e+00	-3.165792000000000172e-03
9.539999999999999147e+00	-2.828981000000000377e-03
9.560000000000000497e+00	-2.198948000000000048e-03
9.580000000000000071e+00	-1.163699000000000027e-03
9.599999999999999645e+00	9.668300000000007704e-05
9.619999999999999218e+00	1.316013420000000048e-03
9.640000000000000568e+00	2.350782000000000045e-03
9.660000000000000142e+00	3.175950000000000301e-03
9.679999999999999716e+00	3.779709999999999494e-03
9.699999999999999289e+00	4.194680000000000110e-03
9.720000000000000639e+00	4.610920000000000123e-03
9.740000000000000213e+00	5.079810000000000575e-03
9.759999999999999787e+00	5.405019999999999963e-03
9.779999999999999361e+00	5.444049999999999757e-03
9.800000000000000711e+00	5.285810000000000161e-03
9.820000000000000284e+00	5.058179999999999794e-03
9.839999999999999858e+00	4.753979999999999664e-03
9.859999999999999432e+00	4.430500000000000410e-03
9.880000000000000782e+00	4.163580000000000059e-03
9.900000000000000355e+00	3.875989999999999731e-03
9.919999999999999929e+00	3.377647000000000115e-03
9.939999999999999503e+00	2.619893000000000308e-03
9.960000000000000853e+00	1.779140000000000018e-03
9.980000000000000426e+00	9.378300000000001739e-04
1.000000000000000000e+01	-3.658000000000003263e-05
1.001999999999999957e+01	-1.230799999999999776e-03
1.003999999999999915e+01	-2.493010000000000365e-03
1.006000000000000050e+01	-3.654970000000000441e-03
1.008000000000000007e+01	-4.654519999999999665e-03
1.009999999999999964e+01	-5.459199999999999990e-03
1.011999999999999922e+01	-6.129762000000000405e-03
1.014000000000000057e+01	-6.731189399999999538e-03
1.016000000000000014e+01	-7.220138000000000077e-03
1.017999999999999972e+01	-7.516999999999999377e-03
1.019999999999999929e+01	-7.577369999999999939e-03
1.022000000000000064e+01	-7.485809999999999860e-03
1.024000000000000021e+01	-7.321859999999999480e-03
1.025999999999999979e+01	-6.994969999999999660e-03
1.027999999999999936e+01	-6.451880000000000115e-03
1.030000000000000071e+01	-5.750540000000000165e-03
1.032000000000000028e+01	-4.883420000000000295e-03
1.033999999999999986e+01	-3.832827999999999929e-03
1.035999999999999943e+01	-2.657228000000000194e-03
1.038000000000000078e+01	-1.439209999999999795e-03
1.040000000000000036e+01	-2.432400000000000360e-04
1.041999999999999993e+01	9.157500000000003311e-04
1.043999999999999950e+01	2.086999999999999880e-03
1.046000000000000085e+01	3.310920000000000182e-03
1.048000000000000043e+01	4.524002000000000058e-03
1.050000000000000000e+01	5.706535300000000095e-03
1.051999999999999957e+01	6.856248000000000550e-03
1.053999999999999915e+01	7.900650000000000381e-03
1.056000000000000050e+01	8.816259999999999375e-03
1.058000000000000007e+01	9.597080000000000888e-03
1.059999999999999964e+01	1.026380000000000001e-02
1.061999999999999922e+01	1.088411000000000066e-02
1.064000000000000057e+01	1.145689000000000082e-02
1.066000000000000014e+01	1.187268999999999998e-02
1.067999999999999972e+01	1.199352000000000057e-02
1.069999999999999929e+01	1.175655000000000103e-02
1.072000000000000064e+01	1.122745999999999987e-02
1.074000000000000021e+01	1.054893999999999971e-02
1.075999999999999979e+01	9.777479999999999852e-03
1.077999999999999936e+01	8.814940000000000275e-03
1.080000000000000071e+01	7.586980000000000113e-03
1.082000000000000028e+01	6.149748999999999494e-03
1.083999999999999986e+01	4.640739999999999969e-03
1.085999999999999943e+01	3.200090000000000053e-03
1.088000000000000078e+01	1.889169999999999912e-03
1.090000000000000036e+01	7.016999999999999800e-04
1.091999999999999993e+01	-3.795300000000003185e-04
1.093999999999999950e+01	-1.425810000000000011e-03
1.096000000000000085e+01	-2.537306000000000457e-03
1.098000000000000043e+01	-3.695716999999999839e-03
1.100000000000000000e+01	-4.772750000000000083e-03
1.101999999999999957e+01	-5.691889999999999797e-03
1.103999999999999915e+01	-6.470359999999999653e-03
1.106000000000000050e+01	-7.117629999999999790e-03
1.108000000000000007e+01	-7.622020000000000184e-03
1.109999999999999964e+01	-7.998589000000000393e-03
1.111999999999999922e+01	-8.296869000000000119e-03
1.114000000000000057e+01	-8.553658999999999915e-03
1.116000000000000014e+01	-8.797420000000000240e-03
1.117999999999999972e+01	-9.073309999999999362e-03
1.119999999999999929e+01	-9.382990000000000774e-03
1.122000000000000064e+01	-9.702239999999999129e-03
1.124000000000000021e+01	-1.001768999999999923e-02
1.125999999999999979e+01	-1.033018000000000131e-02
1.127999999999999936e+01	-1.064466399999999986e-02
1.130000000000000071e+01	-1.089445640000000042e-02
1.132000000000000028e+01	-1.095439299999999977e-02
1.133999999999999986e+01	-1.074441999999999932e-02
1.135999999999999943e+01	-1.027324999999999940e-02
1.138000000000000078e+01	-9.578919999999999449e-03
1.140000000000000036e+01	-8.730140000000000816e-03
1.141999999999999993e+01	-7.816329999999999806e-03
1.143999999999999950e+01	-6.865610000000000289e-03
1.146000000000000085e+01	-5.803619999999999786e-03
1.148000000000000043e+01	-4.556039999999999916e-03
1.150000000000000000e+01	-3.156909999999999751e-03
1.151999999999999957e+01	-1.714755000000000099e-03
1.153999999999999915e+01	-3.504571999999999961e-04
1.156000000000000050e+01	8.570433999999999605e-04
1.158000000000000007e+01	1.859224999999999940e-03
1.159999999999999964e+01	2.627804999999999985e-03
1.161999999999999922e+01	3.170867999999999864e-03
1.164000000000000057e+01	3.479454000000000314e-03
1.166000000000000014e+01	3.525537999999999936e-03
1.167999999999999972e+01	3.293078999999999538e-03
1.169999999999999929e+01	2.823269999999999686e-03
1.172000000000000064e+01	2.244519999999999849e-03
1.174000000000000021e+01	1.728009999999999876e-03
1.175999999999999979e+01	1.437470000000000154e-03
1.177999999999999936e+01	1.451890000000000385e-03
1.180000000000000071e+01	1.710069999999999733e-03
1.182000000000000028e+01	2.061470000000000143e-03
1.183999999999999986e+01	2.351749999999999674e-03
1.185999999999999943e+01	2.485175999999999965e-03
1.188000000000000078e+01	2.456458000000000339e-03
1.190000000000000036e+01	2.374152000000000033e-03
1.191999999999999993e+01	2.393740000000000104e-03
1.193999999999999950e+01	2.580728000000000015e-03
1.196000000000000085e+01	2.815727000000000074e-03
1.198000000000000043e+01	2.881776999999999863e-03
1.200000000000000000e+01	2.696890000000000398e-03
1.201999999999999957e+01	2.352909999999999724e-03
1.203999999999999915e+01	2.027820000000000490e-03
1.206000000000000050e+01	1.841300000000000141e-03
1.208000000000000007e+01	1.795010000000000095e-03
1.209999999999999964e+01	1.795569999999999805e-03
1.211999999999999922e+01	1.693550000000000264e-03
1.214000000000000057e+01	1.416420000000000049e-03
1.216000000000000014e+01	1.003954999999999952e-03
1.217999999999999972e+01	5.468574000000000134e-04
1.219999999999999929e+01	1.879120000000000399e-04
1.222000000000000064e+01	1.065000000000000408e-04
1.224000000000000021e+01	4.200600000000003116e-04
1.225999999999999979e+01	1.093100000000000061e-03
1.227999999999999936e+01	1.958609999999999518e-03
1.230000000000000071e+01	2.883700000000000326e-03
1.232000000000000028e+01	3.836100000000000274e-03
1.233999999999999986e+01	4.824769999999999927e-03
1.235999999999999943e+01	5.853595000000000499e-03
1.238000000000000078e+01	6.896479999999999971e-03
1.240000000000000036e+01	7.888529999999999501e-03
1.241999999999999993e+01	8.727210000000000870e-03
1.243999999999999950e+01	9.341179999999999276e-03
1.246000000000000085e+01	9.718159999999999993e-03
1.248000000000000043e+01	9.873289999999999844e-03
1.250000000000000000e+01	9.839709999999999776e-03
1.251999999999999957e+01	9.690630000000000424e-03
1.253999999999999915e+01	9.511010000000000297e-03
1.256000000000000050e+01	9.326150000000000065e-03
1.258000000000000007e+01	9.075199999999998546e-03
1.259999999999999964e+01	8.673919999999999894e-03
1.261999999999999922e+01	8.071530000000000371e-03
1.264000000000000057e+01	7.248300000000000055e-03
1.266000000000000014e+01	6.219500000000000202e-03
1.267999999999999972e+01	5.031047000000000297e-03
1.269999999999999929e+01	3.716366300000000129e-03
1.272000000000000064e+01	2.284533999999999957e-03
1.274000000000000021e+01	7.483999999999999767e-04
1.275999999999999979e+01	-9.083999999999999627e-04
1.277999999999999936e+01	-2.723582999999999907e-03
1.280000000000000071e+01	-4.700479999999999936e-03
1.282000000000000028e+01	-6.763309999999999808e-03
1.283999999999999986e+01	-8.802230000000001164e-03
1.285999999999999943e+01	-1.074275000000000056e-02
1.288000000000000078e+01	-1.252465000000000002e-02
1.290000000000000036e+01	-1.408681999999999990e-02
1.291999999999999993e+01	-1.534687000000000030e-02
1.293999999999999950e+01	-1.621447000000000166e-02
1.296000000000000085e+01	-1.663326999999999861e-02
1.298000000000000043e+01	-1.662836000000000175e-02
1.300000000000000000e+01	-1.628802000000000028e-02
1.301999999999999957e+01	-1.569552999999999920e-02
1.303999999999999915e+01	-1.489424999999999950e-02
1.306000000000000050e+01	-1.389700999999999957e-02
1.308000000000000007e+01	-1.270756999999999963e-02
1.309999999999999964e+01	-1.132562999999999973e-02
1.311999999999999922e+01	-9.770650000000000515e-03
1.314000000000000057e+01	-8.074819000000000441e-03
1.316000000000000014e+01	-6.251323999999999943e-03
1.317999999999999972e+01	-4.308280000000000269e-03
1.319999999999999929e+01	-2.314819999999999552e-03
1.322000000000000064e+01	-3.904299999999997703e-04
1.324000000000000021e+01	1.412520000000000008e-03
1.325999999999999979e+01	3.167470000000000355e-03
1.327999999999999936e+01	4.954759999999999893e-03
1.330000000000000071e+01	6.760300799999999742e-03
1.332000000000000028e+01	8.521680000000000227e-03
1.333999999999999986e+01	1.016718999999999956e-02
1.335999999999999943e+01	1.158364999999999916e-02
1.338000000000000078e+01	1.266472999999999904e-02
1.340000000000000036e+01	1.338977000000000049e-02
1.341999999999999993e+01	1.381699000000000122e-02
1.343999999999999950e+01	1.402387000000000078e-02
1.346000000000000085e+01	1.405226000000000044e-02
1.348000000000000043e+01	1.388605000000000048e-02
1.350000000000000000e+01	1.344282999999999936e-02
1.351999999999999957e+01	1.264024999999999871e-02
1.353999999999999915e+01	1.146867000000000025e-02
1.356000000000000050e+01	1.000412000000000003e-02
1.358000000000000007e+01	8.369750000000000453e-03
1.359999999999999964e+01	6.681025769999999683e-03
1.361999999999999922e+01	5.005242000000000024e-03
1.364000000000000057e+01	3.373789999999999775e-03
1.366000000000000014e+01	1.819460000000000174e-03
1.367999999999999972e+01	3.629399999999999640e-04
1.369999999999999929e+01	-9.848700000000001030e-04
1.372000000000000064e+01	-2.214320999999999998e-03
1.374000000000000021e+01	-3.318670000000000127e-03
1.375999999999999979e+01	-4.308639999999999866e-03
1.377999999999999936e+01	-5.216600000000000056e-03
1.380000000000000071e+01	-6.058329999999999792e-03
1.382000000000000028e+01	-6.823430000000000120e-03
1.383999999999999986e+01	-7.492280000000000467e-03
1.385999999999999943e+01	-8.058859999999999288e-03
1.388000000000000078e+01	-8.545445000000000471e-03
1.390000000000000036e+01	-8.999510999999999969e-03
1.391999999999999993e+01	-9.477848999999999996e-03
1.393999999999999950e+01	-9.978133999999999615e-03
1.396000000000000085e+01	-1.043241500000000044e-02
1.398000000000000043e+01	-1.077950800000000015e-02
1.400000000000000000e+01	-1.097619159999999906e-02
1.401999999999999957e+01	-1.099654700000000061e-02
1.403999999999999915e+01	-1.083085400000000087e-02
1.406000000000000050e+01	-1.047486800000000003e-02
1.408000000000000007e+01	-9.935570000000001206e-03
1.409999999999999964e+01	-9.223059999999999939e-03
1.411999999999999922e+01	-8.351849999999999205e-03
1.414000000000000057e+01	-7.341059999999999947e-03
1.416000000000000014e+01	-6.201579999999999940e-03
1.417999999999999972e+01	-4.945480000000000362e-03
1.419999999999999929e+01	-3.595829999999999946e-03
1.422000000000000064e+01	-2.187567000000000070e-03
1.424000000000000021e+01	-7.770800000000000884e-04
1.425999999999999979e+01	5.877000000000000279e-04
1.427999999999999936e+01	1.870759999999999958e-03
1.430000000000000071e+01	3.025990000000000103e-03
1.432000000000000028e+01	4.018998000000000188e-03
1.433999999999999986e+01	4.840042999999999603e-03
1.435999999999999943e+01	5.489673999999999943e-03
1.438000000000000078e+01	5.970132999999999864e-03
1.440000000000000036e+01	6.303631000000000512e-03
1.441999999999999993e+01	6.522840000000000235e-03
1.443999999999999950e+01	6.649949999999999958e-03
1.446000000000000085e+01	6.703180000000000423e-03
1.448000000000000043e+01	6.689339999999999349e-03
1.450000000000000000e+01	6.602170000000000087e-03
1.451999999999999957e+01	6.433470000000000161e-03
1.453999999999999915e+01	6.176660000000000483e-03
1.456000000000000050e+01	5.815449999999999786e-03
1.458000000000000007e+01	5.344563999999999565e-03
1.459999999999999964e+01	4.774907000000000110e-03
1.461999999999999922e+01	4.112484999999999925e-03
1.464000000000000057e+01	3.343674000000000038e-03
1.466000000000000014e+01	2.485451999999999974e-03
1.467999999999999972e+01	1.613715099999999975e-03
1.469999999999999929e+01	8.155140000000000392e-04
1.472000000000000064e+01	1.608600000000000015e-04
1.474000000000000021e+01	-3.120160000000001379e-04
1.475999999999999979e+01	-6.057700000000000497e-04
1.477999999999999936e+01	-7.399199999999998140e-04
1.480000000000000071e+01	-7.127699999999997232e-04
1.482000000000000028e+01	-5.233799999999999390e-04
1.483999999999999986e+01	-2.149499999999997767e-04
1.485999999999999943e+01	1.271399999999999787e-04
1.488000000000000078e+01	4.703699999999999028e-04
1.490000000000000036e+01	8.440400000000003282e-04
1.491999999999999993e+01	1.276859999999999887e-03
1.493999999999999950e+01	1.755989999999999808e-03
1.496000000000000085e+01	2.264407000000000399e-03
1.498000000000000043e+01	2.814038000000000043e-03
1.500000000000000000e+01	3.402777999999999966e-03
1.501999999999999957e+01	4.005419999999999987e-03
1.503999999999999915e+01	4.604300000000000406e-03
1.506000000000000050e+01	5.183089999999999573e-03
1.508000000000000007e+01	5.697040000000000437e-03
1.509999999999999964e+01	6.103710000000000038e-03
1.511999999999999922e+01	6.401340000000000155e-03
1.514000000000000057e+01	6.611159999999999606e-03
1.516000000000000014e+01	6.728580000000000498e-03
1.517999999999999972e+01	6.742505999999999673e-03
1.519999999999999929e+01	6.664350000000000308e-03
1.522000000000000064e+01	6.499444700000000727e-03
1.524000000000000021e+01	6.231256999999999595e-03
1.525999999999999979e+01	5.831985999999999941e-03
1.527999999999999936e+01	5.289330000000000073e-03
1.530000000000000071e+01	4.601490000000000614e-03
1.532000000000000028e+01	3.770659999999999897e-03
1.533999999999999986e+01	2.838219999999999806e-03
1.535999999999999943e+01	1.864590000000000171e-03
1.538000000000000078e+01	8.883599999999999310e-04
1.540000000000000036e+01	-1.024400000000000831e-04
1.541999999999999993e+01	-1.151800000000000133e-03
1.543999999999999950e+01	-2.313630000000000114e-03
1.546000000000000085e+01	-3.616126999999999796e-03
1.548000000000000043e+01	-5.037360000000000275e-03
1.550000000000000000e+01	-6.543059999999999848e-03
1.551999999999999957e+01	-8.058969999999998635e-03
1.553999999999999915e+01	-9.464310000000000084e-03
1.556000000000000050e+01	-1.063038999999999998e-02
1.558000000000000007e+01	-1.146553999999999976e-02
1.559999999999999964e+01	-1.193922000000000039e-02
1.561999999999999922e+01	-1.205625999999999920e-02
1.564000000000000057e+01	-1.184481999999999896e-02
1.566000000000000014e+01	-1.136523999999999868e-02
1.567999999999999972e+01	-1.069572899999999931e-02
1.569999999999999929e+01	-9.898910999999999821e-03
1.572000000000000064e+01	-9.021770000000000136e-03
1.574000000000000021e+01	-8.132789999999999117e-03
1.575999999999999979e+01	-7.330799999999999296e-03
1.577999999999999936e+01	-6.660630000000000717e-03
1.580000000000000071e+01	-6.084210000000001353e-03
1.582000000000000028e+01	-5.546009999999998788e-03
1.583999999999999986e+01	-4.997709999999999826e-03
1.585999999999999943e+01	-4.380030000000000034e-03
1.588000000000000078e+01	-3.632569999999999896e-03
1.590000000000000036e+01	-2.736810000000000111e-03
1.591999999999999993e+01	-1.703920000000000044e-03
1.593999999999999950e+01	-5.583000000000000723e-04
1.596000000000000085e+01	6.439200000000000826e-04
1.598000000000000043e+01	1.850005000000000052e-03
1.600000000000000000e+01	3.030188999999999973e-03
1.601999999999999957e+01	4.138433999999999863e-03
1.603999999999999915e+01	5.107891999999999294e-03
1.605999999999999872e+01	5.882720000000000136e-03
1.607999999999999829e+01	6.435485999999999811e-03
1.610000000000000142e+01	6.781431499999999828e-03
1.612000000000000099e+01	6.967752700000000472e-03
1.614000000000000057e+01	7.038793769999999311e-03
1.616000000000000014e+01	7.026155000000000074e-03
1.617999999999999972e+01	6.948920000000000791e-03
1.619999999999999929e+01	6.815131999999999787e-03
1.621999999999999886e+01	6.626997000000000790e-03
1.623999999999999844e+01	6.401079999999999964e-03
1.626000000000000156e+01	6.158580000000000304e-03
1.628000000000000114e+01	5.902840000000000344e-03
1.630000000000000071e+01	5.604340000000000190e-03
1.632000000000000028e+01	5.228619999999999796e-03
1.633999999999999986e+01	4.755370000000000083e-03
1.635999999999999943e+01	4.146920000000000120e-03
1.637999999999999901e+01	3.369084000000000054e-03
1.639999999999999858e+01	2.434129000000000154e-03
1.642000000000000171e+01	1.376669999999999760e-03
1.644000000000000128e+01	1.980300000000000810e-04
1.646000000000000085e+01	-1.099179999999999949e-03
1.648000000000000043e+01	-2.468169999999999566e-03
1.650000000000000000e+01	-3.828519000000000280e-03
1.651999999999999957e+01	-5.084438000000000152e-03
1.653999999999999915e+01	-6.163252000000000140e-03
1.655999999999999872e+01	-7.026779999999999832e-03
1.657999999999999829e+01	-7.649579999999999574e-03
1.660000000000000142e+01	-8.027609999999999260e-03
1.662000000000000099e+01	-8.170200000000000726e-03
1.664000000000000057e+01	-8.110209999999999642e-03
1.666000000000000014e+01	-7.917630000000000154e-03
1.667999999999999972e+01	-7.655890000000000264e-03
1.669999999999999929e+01	-7.340720000000000231e-03
1.671999999999999886e+01	-6.937620000000000245e-03
1.673999999999999844e+01	-6.411120000000000187e-03
1.676000000000000156e+01	-5.759710000000000350e-03
1.678000000000000114e+01	-5.005439999999999889e-03
1.680000000000000071e+01	-4.177049999999999860e-03
1.682000000000000028e+01	-3.296519999999999832e-03
1.683999999999999986e+01	-2.357935999999999713e-03
1.685999999999999943e+01	-1.357984000000000014e-03
1.687999999999999901e+01	-3.138299999999999684e-04
1.689999999999999858e+01	7.318999999999999551e-04
1.692000000000000171e+01	1.732070000000000267e-03
1.694000000000000128e+01	2.666690000000000206e-03
1.696000000000000085e+01	3.520561999999999650e-03
1.698000000000000043e+01	4.275261000000000686e-03
1.700000000000000000e+01	4.911434000000000112e-03
1.701999999999999957e+01	5.419661000000000096e-03
1.703999999999999915e+01	5.810430000000000109e-03
1.705999999999999872e+01	6.103319999999999752e-03
1.707999999999999829e+01	6.322564999999999609e-03
1.710000000000000142e+01	6.490624999999999867e-03
1.712000000000000099e+01	6.620901900000000090e-03
1.714000000000000057e+01	6.725883999999999682e-03
1.716000000000000014e+01	6.796672000000000130e-03
1.717999999999999972e+01	6.792560000000000438e-03
1.719999999999999929e+01	6.680089999999999639e-03
1.721999999999999886e+01	6.426359999999999885e-03
1.723999999999999844e+01	5.996969999999999905e-03
1.726000000000000156e+01	5.382839999999999847e-03
1.728000000000000114e+01	4.601850000000000211e-03
1.730000000000000071e+01	3.691339999999999986e-03
1.732000000000000028e+01	2.697292000000000006e-03
1.733999999999999986e+01	1.673834999999999820e-03
1.735999999999999943e+01	6.868080000000000148e-04
1.737999999999999901e+01	-1.935789999999999842e-04
1.739999999999999858e+01	-9.171650000000000592e-04
1.742000000000000171e+01	-1.477660999999999905e-03
1.744000000000000128e+01	-1.883702000000000119e-03
1.746000000000000085e+01	-2.136986000000000007e-03
1.748000000000000043e+01	-2.242749999999999952e-03
1.750000000000000000e+01	-2.209029999999999848e-03
1.751999999999999957e+01	-2.047699000000000047e-03
1.753999999999999915e+01	-1.780913999999999978e-03
1.755999999999999872e+01	-1.437324000000000023e-03
1.757999999999999829e+01	-1.028146000000000181e-03
1.760000000000000142e+01	-5.665600000000000237e-04
1.762000000000000099e+01	-6.925000000000008406e-05
1.764000000000000057e+01	4.555199999999998400e-04
1.766000000000000014e+01	9.859289999999999721e-04
1.767999999999999972e+01	1.482999000000000036e-03
1.769999999999999929e+01	1.899583999999999951e-03
1.771999999999999886e+01	2.210834999999999970e-03
1.773999999999999844e+01	2.438568999999999806e-03
1.776000000000000156e+01	2.631512999999999821e-03
1.778000000000000114e+01	2.821235000000000062e-03
1.780000000000000071e+01	3.016369999999999989e-03
1.782000000000000028e+01	3.213520000000000092e-03
1.783999999999999986e+01	3.396240000000000023e-03
1.785999999999999943e+01	3.528329999999999661e-03
1.787999999999999901e+01	3.578870000000000055e-03
1.789999999999999858e+01	3.537851000000000277e-03
1.792000000000000171e+01	3.395993999999999836e-03
1.794000000000000128e+01	3.133446299999999903e-03
1.796000000000000085e+01	2.735407000000000029e-03
1.798000000000000043e+01	2.209779999999999731e-03
1.800000000000000000e+01	1.590262000000000056e-03
1.801999999999999957e+01	9.357330000000000075e-04
1.803999999999999915e+01	2.889699999999999387e-04
1.805999999999999872e+01	-3.314569999999999539e-04
1.807999999999999829e+01	-8.995410000000001209e-04
1.810000000000000142e+01	-1.389234000000000042e-03
1.812000000000000099e+01	-1.813650999999999892e-03
1.814000000000000057e+01	-2.212553999999999823e-03
1.816000000000000014e+01	-2.610743000000000005e-03
1.817999999999999972e+01	-3.007253699999999901e-03
1.819999999999999929e+01	-3.394681000000000087e-03
1.821999999999999886e+01	-3.780974999999999787e-03
1.823999999999999844e+01	-4.191788000000000111e-03
1.826000000000000156e+01	-4.644590999999999997e-03
1.828000000000000114e+01	-5.136627999999999854e-03
1.830000000000000071e+01	-5.646315000000000708e-03
1.832000000000000028e+01	-6.142268000000000207e-03
1.833999999999999986e+01	-6.586611899999999901e-03
1.835999999999999943e+01	-6.942170000000000112e-03
1.837999999999999901e+01	-7.189244999999999490e-03
1.839999999999999858e+01	-7.320207999999999923e-03
1.842000000000000171e+01	-7.343325999999999847e-03
1.844000000000000128e+01	-7.276188000000000274e-03
1.846000000000000085e+01	-7.109455999999999241e-03
1.848000000000000043e+01	-6.816964000000000010e-03
1.850000000000000000e+01	-6.384935999999999910e-03
1.851999999999999957e+01	-5.819472000000000013e-03
1.853999999999999915e+01	-5.145638599999999459e-03
1.855999999999999872e+01	-4.405841000000000618e-03
1.857999999999999829e+01	-3.655826999999999948e-03
1.860000000000000142e+01	-2.944912999999999958e-03
1.862000000000000099e+01	-2.310085999999999824e-03
1.864000000000000057e+01	-1.770819000000000299e-03
1.866000000000000014e+01	-1.328602999999999815e-03
1.867999999999999972e+01	-9.620720000000000140e-04
1.869999999999999929e+01	-6.460839499999999859e-04
1.871999999999999886e+01	-3.694360999999999847e-04
1.873999999999999844e+01	-1.155889999999999804e-04
1.876000000000000156e+01	1.364690000000000651e-04
1.878000000000000114e+01	4.042360000000000918e-04
1.880000000000000071e+01	6.873000000000000637e-04
1.882000000000000028e+01	9.687700000000003080e-04
1.883999999999999986e+01	1.219700000000000211e-03
1.885999999999999943e+01	1.413720000000000254e-03
1.887999999999999901e+01	1.546130000000000160e-03
1.889999999999999858e+01	1.624049999999999929e-03
1.892000000000000171e+01	1.649599999999999981e-03
1.894000000000000128e+01	1.628890000000000025e-03
1.896000000000000085e+01	1.574869999999999916e-03
1.898000000000000043e+01	1.495259999999999992e-03
1.900000000000000000e+01	1.396501999999999770e-03
1.901999999999999957e+01	1.287728000000000136e-03
1.903999999999999915e+01	1.181334999999999937e-03
1.905999999999999872e+01	1.090602000000000195e-03
1.907999999999999829e+01	1.024083999999999975e-03
1.910000000000000142e+01	9.855449999999999974e-04
1.912000000000000099e+01	9.790079999999999616e-04
1.914000000000000057e+01	1.004766000000000036e-03
1.916000000000000014e+01	1.058684700000000079e-03
1.917999999999999972e+01	1.134894399999999927e-03
1.919999999999999929e+01	1.229394499999999927e-03
1.921999999999999886e+01	1.340058500000000045e-03
1.923999999999999844e+01	1.463895999999999904e-03
1.926000000000000156e+01	1.601072999999999949e-03
1.928000000000000114e+01	1.757293999999999957e-03
1.930000000000000071e+01	1.937738999999999955e-03
1.932000000000000028e+01	2.143060000000000017e-03
1.933999999999999986e+01	2.371889999999999762e-03
1.935999999999999943e+01	2.619320000000000068e-03
1.937999999999999901e+01	2.877730000000000218e-03
1.939999999999999858e+01	3.140365999999999904e-03
1.942000000000000171e+01	3.403558000000000104e-03
1.944000000000000128e+01	3.664215000000000180e-03
1.946000000000000085e+01	3.920250999999999597e-03
1.948000000000000043e+01	4.168958999999999859e-03
1.950000000000000000e+01	4.405360999999999999e-03
1.951999999999999957e+01	4.624032999999999616e-03
1.953999999999999915e+01	4.819780000000000071e-03
1.955999999999999872e+01	4.987338899999999887e-03
1.957999999999999829e+01	5.120972399999999813e-03
1.960000000000000142e+01	5.215746600000000475e-03
1.962000000000000099e+01	5.267615100000000265e-03
1.964000000000000057e+01	5.272581099999999743e-03
1.966000000000000014e+01	5.228517999999999707e-03
1.967999999999999972e+01	5.134760000000000366e-03
1.969999999999999929e+01	4.989930999999999534e-03
1.971999999999999886e+01	4.791822999999999742e-03
1.973999999999999844e+01	4.538113999999999343e-03
1.976000000000000156e+01	4.227850800000000284e-03
1.978000000000000114e+01	3.862002399999999933e-03
1.980000000000000071e+01	3.443502199999999829e-03
1.982000000000000028e+01	2.977421599999999832e-03
1.983999999999999986e+01	2.471194899999999781e-03
1.985999999999999943e+01	1.933937819999999915e-03
1.987999999999999901e+01	1.375673129999999914e-03
1.989999999999999858e+01	8.066726999999999448e-04
1.992000000000000171e+01	2.369186000000000122e-04
1.994000000000000128e+01	-3.244997000000000333e-04
1.996000000000000085e+01	-8.697932000000000666e-04
1.998000000000000043e+01	-1.392455199999999976e-03
2.000000000000000000e+01	-1.886802500000000094e-03
