0.000000000000000000e+00	0.000000000000000000e+00
2.000000000000000042e-02	9.706893742639999179e-07
4.000000000000000083e-02	-3.600072137099999961e-06
5.999999999999999778e-02	6.638201205700000158e-06
8.000000000000000167e-02	3.351898797300000075e-05
1.000000000000000056e-01	3.962152997220000133e-05
1.199999999999999956e-01	2.373212330100000074e-05
1.400000000000000133e-01	-1.289532206400000043e-05
1.600000000000000033e-01	-7.407922609430000007e-05
1.799999999999999933e-01	-1.456812935499999986e-04
2.000000000000000111e-01	-2.168864565599999943e-04
2.200000000000000011e-01	-3.000075410999999601e-04
2.399999999999999911e-01	-3.947252002000000370e-04
2.600000000000000089e-01	-4.748645220000000003e-04
2.800000000000000266e-01	-5.670980049999999094e-04
2.999999999999999889e-01	-7.157054700000000389e-04
3.200000000000000067e-01	-8.540428400000000652e-04
3.400000000000000244e-01	-9.807195000000000756e-04
3.599999999999999867e-01	-1.132391479999999987e-03
3.800000000000000044e-01	-1.278900620000000040e-03
4.000000000000000222e-01	-1.393908599999999897e-03
4.199999999999999845e-01	-1.476644930000000017e-03
4.400000000000000022e-01	-1.542480099999999970e-03
4.600000000000000200e-01	-1.568986700000000100e-03
4.799999999999999822e-01	-1.521299399999999965e-03
5.000000000000000000e-01	-1.364079000000000029e-03
5.200000000000000178e-01	-1.111285999999999958e-03
5.400000000000000355e-01	-8.228340000000000437e-04
5.600000000000000533e-01	-5.766779999999999563e-04
5.799999999999999600e-01	-3.798590000000000235e-04
5.999999999999999778e-01	-2.448429999999999595e-04
6.199999999999999956e-01	-1.006520000000000114e-04
6.400000000000000133e-01	7.138399999999996571e-05
6.600000000000000311e-01	2.990989999999999361e-04
6.800000000000000488e-01	6.498839999999999869e-04
6.999999999999999556e-01	1.007770000000000063e-03
7.199999999999999734e-01	1.346903999999999896e-03
7.399999999999999911e-01	1.615890000000000035e-03
7.600000000000000089e-01	1.773725999999999992e-03
7.800000000000000266e-01	1.825237999999999861e-03
8.000000000000000444e-01	1.813544999999999957e-03
8.199999999999999512e-01	1.750720999999999788e-03
8.399999999999999689e-01	1.618017600000000011e-03
8.599999999999999867e-01	1.383710999999999925e-03
8.800000000000000044e-01	1.113108000000000023e-03
9.000000000000000222e-01	8.310210000000000383e-04
9.200000000000000400e-01	5.658419999999998859e-04
9.399999999999999467e-01	3.329099999999999551e-04
9.599999999999999645e-01	1.783499999999989954e-05
9.799999999999999822e-01	-2.424840000000000589e-04
1.000000000000000000e+00	-4.638640000000000298e-04
1.020000000000000018e+00	-7.295179999999998549e-04
1.040000000000000036e+00	-1.007531999999999785e-03
1.060000000000000053e+00	-1.187979000000000031e-03
1.080000000000000071e+00	-1.332183000000000022e-03
1.100000000000000089e+00	-1.466691999999999909e-03
1.120000000000000107e+00	-1.491522000000000117e-03
1.139999999999999902e+00	-1.264280999999999912e-03
1.159999999999999920e+00	-9.142840000000000168e-04
1.179999999999999938e+00	-6.005410000000000088e-04
1.199999999999999956e+00	-1.712000000000000414e-04
1.219999999999999973e+00	4.442989999999999418e-04
1.239999999999999991e+00	1.197734999999999902e-03
1.260000000000000009e+00	1.807137000000000110e-03
1.280000000000000027e+00	2.239055000000000212e-03
1.300000000000000044e+00	2.536321000000000235e-03
1.320000000000000062e+00	2.742983000000000053e-03
1.340000000000000080e+00	2.991026999999999835e-03
1.360000000000000098e+00	3.230852000000000203e-03
1.379999999999999893e+00	3.450390000000000228e-03
1.399999999999999911e+00	3.663040000000000219e-03
1.419999999999999929e+00	3.837800000000000152e-03
1.439999999999999947e+00	3.905249999999999867e-03
1.459999999999999964e+00	3.808119999999999908e-03
1.479999999999999982e+00	3.693329999999999877e-03
1.500000000000000000e+00	3.540310000000000071e-03
1.520000000000000018e+00	3.235479999999999780e-03
1.540000000000000036e+00	2.859780000000000134e-03
1.560000000000000053e+00	2.462600000000000119e-03
1.580000000000000071e+00	2.016505999999999941e-03
1.600000000000000089e+00	1.563942999999999930e-03
1.620000000000000107e+00	1.108640300000000032e-03
1.639999999999999902e+00	7.249720000000001597e-04
1.659999999999999920e+00	4.580800000000000323e-04
1.679999999999999938e+00	2.622699999999999945e-04
1.699999999999999956e+00	1.475000000000000616e-04
1.719999999999999973e+00	1.590000000000098279e-06
1.739999999999999991e+00	-2.770100000000000600e-04
1.760000000000000009e+00	-6.193099999999998693e-04
1.780000000000000027e+00	-9.309690000000000239e-04
1.800000000000000044e+00	-1.152444000000000081e-03
1.820000000000000062e+00	-1.282282999999999947e-03
1.840000000000000080e+00	-1.387082999999999892e-03
1.860000000000000098e+00	-1.455516000000000015e-03
1.879999999999999893e+00	-1.404845999999999959e-03
1.899999999999999911e+00	-1.254757000000000008e-03
1.919999999999999929e+00	-1.106708000000000084e-03
1.939999999999999947e+00	-1.046290000000000067e-03
1.959999999999999964e+00	-1.194929999999999864e-03
1.979999999999999982e+00	-1.592793099999999934e-03
2.000000000000000000e+00	-2.166579000000000074e-03
2.020000000000000018e+00	-2.896150000000000113e-03
2.040000000000000036e+00	-3.677050000000000284e-03
2.060000000000000053e+00	-4.377009999999999755e-03
2.080000000000000071e+00	-4.797100000000000322e-03
2.100000000000000089e+00	-4.970320000000000293e-03
2.120000000000000107e+00	-5.179319999999999410e-03
2.140000000000000124e+00	-5.464799999999999693e-03
2.160000000000000142e+00	-5.829739999999999922e-03
2.180000000000000160e+00	-6.205020000000000327e-03
2.200000000000000178e+00	-6.528720000000000009e-03
2.220000000000000195e+00	-6.948359999999999780e-03
2.240000000000000213e+00	-7.544229999999999860e-03
2.259999999999999787e+00	-8.226269999999999069e-03
2.279999999999999805e+00	-8.747700000000000614e-03
2.299999999999999822e+00	-9.104380000000000459e-03
2.319999999999999840e+00	-9.393519999999998954e-03
2.339999999999999858e+00	-9.543989999999998725e-03
2.359999999999999876e+00	-9.555352000000001331e-03
2.379999999999999893e+00	-9.505861999999998604e-03
2.399999999999999911e+00	-9.291935399999999567e-03
2.419999999999999929e+00	-8.721101000000000200e-03
2.439999999999999947e+00	-7.722411000000000206e-03
2.459999999999999964e+00	-6.166109999999999820e-03
2.479999999999999982e+00	-4.220479999999999544e-03
2.500000000000000000e+00	-2.005779999999999976e-03
2.520000000000000018e+00	3.741300000000002957e-04
2.540000000000000036e+00	2.911314400000000052e-03
2.560000000000000053e+00	5.507269999999999874e-03
2.580000000000000071e+00	7.962210000000000815e-03
2.600000000000000089e+00	1.032560999999999896e-02
2.620000000000000107e+00	1.253382999999999928e-02
2.640000000000000124e+00	1.450021999999999943e-02
2.660000000000000142e+00	1.617375000000000063e-02
2.680000000000000160e+00	1.736178000000000027e-02
2.700000000000000178e+00	1.773324999999999901e-02
2.720000000000000195e+00	1.743792000000000258e-02
2.740000000000000213e+00	1.679336000000000023e-02
2.759999999999999787e+00	1.610956000000000193e-02
2.779999999999999805e+00	1.539762000000000075e-02
2.799999999999999822e+00	1.444834000000000049e-02
2.819999999999999840e+00	1.301742999999999997e-02
2.839999999999999858e+00	1.101478000000000006e-02
2.859999999999999876e+00	8.931680000000000869e-03
2.879999999999999893e+00	7.084720000000000080e-03
2.899999999999999911e+00	5.210740000000000163e-03
2.919999999999999929e+00	3.093668800000000212e-03
2.939999999999999947e+00	9.796499999999998785e-04
2.959999999999999964e+00	-1.224280000000000116e-03
2.979999999999999982e+00	-3.636312000000000051e-03
3.000000000000000000e+00	-6.137079999999999619e-03
3.020000000000000018e+00	-8.555619999999999892e-03
3.040000000000000036e+00	-1.075552999999999926e-02
3.060000000000000053e+00	-1.281832999999999931e-02
3.080000000000000071e+00	-1.457160000000000052e-02
3.100000000000000089e+00	-1.546490000000000017e-02
3.120000000000000107e+00	-1.509211999999999880e-02
3.140000000000000124e+00	-1.342402000000000005e-02
3.160000000000000142e+00	-1.040702999999999941e-02
3.180000000000000160e+00	-6.174149999999999777e-03
3.200000000000000178e+00	-1.701534999999999897e-03
3.220000000000000195e+00	2.088323000000000002e-03
3.240000000000000213e+00	5.126269999999999612e-03
3.259999999999999787e+00	7.232799999999999299e-03
3.279999999999999805e+00	8.537650000000000794e-03
3.299999999999999822e+00	9.630380000000000884e-03
3.319999999999999840e+00	1.101137999999999943e-02
3.339999999999999858e+00	1.305713000000000013e-02
3.359999999999999876e+00	1.516419999999999921e-02
3.379999999999999893e+00	1.649824999999999903e-02
3.399999999999999911e+00	1.657480999999999885e-02
3.419999999999999929e+00	1.494755999999999863e-02
3.439999999999999947e+00	1.170909000000000012e-02
3.459999999999999964e+00	7.707460000000001046e-03
3.479999999999999982e+00	3.990350000000001014e-03
3.500000000000000000e+00	9.886400000000006988e-04
3.520000000000000018e+00	-1.403189999999999472e-03
3.540000000000000036e+00	-3.410930000000000385e-03
3.560000000000000053e+00	-4.956850000000000492e-03
3.580000000000000071e+00	-6.006749999999999937e-03
3.600000000000000089e+00	-6.713702100000000679e-03
3.620000000000000107e+00	-6.983770000000000255e-03
3.640000000000000124e+00	-7.021280000000000403e-03
3.660000000000000142e+00	-7.440289999999999578e-03
3.680000000000000160e+00	-8.350810000000000177e-03
3.700000000000000178e+00	-9.336250000000000798e-03
3.720000000000000195e+00	-1.018990000000000000e-02
3.740000000000000213e+00	-1.075773000000000007e-02
3.759999999999999787e+00	-1.100511000000000024e-02
3.779999999999999805e+00	-1.115313789999999861e-02
3.799999999999999822e+00	-1.136804000000000113e-02
3.819999999999999840e+00	-1.150202000000000169e-02
3.839999999999999858e+00	-1.120186000000000098e-02
3.859999999999999876e+00	-1.035014999999999893e-02
3.879999999999999893e+00	-8.851640000000000896e-03
3.899999999999999911e+00	-6.724110000000000156e-03
3.919999999999999929e+00	-4.587840000000000147e-03
3.939999999999999947e+00	-3.015795999999999841e-03
3.959999999999999964e+00	-1.873664000000000145e-03
3.979999999999999982e+00	-6.424799999999999608e-04
4.000000000000000000e+00	8.370399999999998328e-04
4.019999999999999574e+00	2.247160000000000216e-03
4.040000000000000036e+00	3.330490000000000186e-03
4.059999999999999609e+00	4.097400000000000174e-03
4.080000000000000071e+00	4.491929999999999881e-03
4.099999999999999645e+00	4.206370999999999548e-03
4.120000000000000107e+00	3.135005000000000170e-03
4.139999999999999680e+00	1.612473440000000095e-03
4.160000000000000142e+00	7.468099999999999869e-05
4.179999999999999716e+00	-1.305042999999999655e-03
4.200000000000000178e+00	-2.381366999999999685e-03
4.219999999999999751e+00	-2.975958999999999809e-03
4.240000000000000213e+00	-3.053193999999999526e-03
4.259999999999999787e+00	-2.839995000000000106e-03
4.280000000000000249e+00	-2.690027000000000217e-03
4.299999999999999822e+00	-2.660531000000000267e-03
4.320000000000000284e+00	-2.719658749999999837e-03
4.339999999999999858e+00	-2.924364000000000043e-03
4.360000000000000320e+00	-3.182200999999999953e-03
4.379999999999999893e+00	-3.235073000000000202e-03
4.400000000000000355e+00	-3.096443999999999846e-03
4.419999999999999929e+00	-3.107606499999999907e-03
4.440000000000000391e+00	-3.438496999999999561e-03
4.459999999999999964e+00	-4.003338999999999856e-03
4.480000000000000426e+00	-4.401307000000000136e-03
4.500000000000000000e+00	-3.974609999999999949e-03
4.519999999999999574e+00	-2.430240000000000178e-03
4.540000000000000036e+00	1.336999999999996178e-05
4.559999999999999609e+00	2.997378000000000195e-03
4.580000000000000071e+00	6.128619000000000080e-03
4.599999999999999645e+00	8.995868200000001549e-03
4.620000000000000107e+00	1.101822899999999918e-02
4.639999999999999680e+00	1.168569000000000031e-02
4.660000000000000142e+00	1.106188999999999957e-02
4.679999999999999716e+00	9.758630000000000776e-03
4.700000000000000178e+00	8.614029999999999951e-03
4.719999999999999751e+00	8.198946000000000359e-03
4.740000000000000213e+00	8.467901999999999374e-03
4.759999999999999787e+00	9.106790000000000024e-03
4.780000000000000249e+00	9.881820000000001228e-03
4.799999999999999822e+00	1.044952000000000034e-02
4.820000000000000284e+00	1.040073999999999860e-02
4.839999999999999858e+00	9.447560000000000680e-03
4.860000000000000320e+00	7.586120000000000016e-03
4.879999999999999893e+00	5.085029999999999932e-03
4.900000000000000355e+00	2.430960999999999712e-03
4.919999999999999929e+00	3.234199999999998274e-05
4.940000000000000391e+00	-2.065603000000000057e-03
4.959999999999999964e+00	-3.885449999999999928e-03
4.980000000000000426e+00	-5.406049999999999918e-03
5.000000000000000000e+00	-6.772770000000000006e-03
5.019999999999999574e+00	-8.094589999999998731e-03
5.040000000000000036e+00	-9.255289999999999351e-03
5.059999999999999609e+00	-1.004465000000000045e-02
5.080000000000000071e+00	-1.032942000000000062e-02
5.099999999999999645e+00	-1.019948000000000035e-02
5.120000000000000107e+00	-9.876990000000000422e-03
5.139999999999999680e+00	-9.379260000000000375e-03
5.160000000000000142e+00	-8.402979999999999131e-03
5.179999999999999716e+00	-6.748474999999999439e-03
5.200000000000000178e+00	-4.572694000000000411e-03
5.219999999999999751e+00	-2.165409999999999991e-03
5.240000000000000213e+00	2.265700000000001567e-04
5.259999999999999787e+00	2.378566999999999834e-03
5.280000000000000249e+00	4.061561999999999464e-03
5.299999999999999822e+00	5.121731000000000027e-03
5.320000000000000284e+00	5.626003000000000080e-03
5.339999999999999858e+00	5.887970000000000183e-03
5.360000000000000320e+00	6.147770000000000318e-03
5.379999999999999893e+00	6.378729999999999990e-03
5.400000000000000355e+00	6.535659999999999560e-03
5.419999999999999929e+00	6.691390000000000185e-03
5.440000000000000391e+00	6.777270000000000169e-03
5.459999999999999964e+00	6.504169299999999418e-03
5.480000000000000426e+00	5.596047999999999301e-03
5.500000000000000000e+00	3.909550999999999825e-03
5.519999999999999574e+00	1.521600000000000123e-03
5.540000000000000036e+00	-1.262621000000000229e-03
5.559999999999999609e+00	-4.038830000000000198e-03
5.580000000000000071e+00	-6.475079999999999378e-03
5.599999999999999645e+00	-8.351850000000000940e-03
5.620000000000000107e+00	-9.460760000000000350e-03
5.639999999999999680e+00	-9.613439999999999139e-03
5.660000000000000142e+00	-8.833459999999999576e-03
5.679999999999999716e+00	-7.439069000000000410e-03
5.700000000000000178e+00	-5.832219999999999939e-03
5.719999999999999751e+00	-4.304469999999999477e-03
5.740000000000000213e+00	-3.047919999999999970e-03
5.759999999999999787e+00	-2.170680000000000352e-03
5.780000000000000249e+00	-1.654849999999999811e-03
5.799999999999999822e+00	-1.392839999999999790e-03
5.820000000000000284e+00	-1.175240000000000139e-03
5.839999999999999858e+00	-7.487500000000000665e-04
5.860000000000000320e+00	1.140709999999999316e-04
5.879999999999999893e+00	1.573256999999999781e-03
5.900000000000000355e+00	3.607517000000000189e-03
5.919999999999999929e+00	5.852249999999999813e-03
5.940000000000000391e+00	7.780719999999999650e-03
5.959999999999999964e+00	9.073370000000000740e-03
5.980000000000000426e+00	9.678159999999999888e-03
6.000000000000000000e+00	9.726310000000000164e-03
6.019999999999999574e+00	9.271240000000000037e-03
6.040000000000000036e+00	8.319290000000000018e-03
6.059999999999999609e+00	7.017800000000000253e-03
6.080000000000000071e+00	5.648699999999999555e-03
6.099999999999999645e+00	4.426634999999999945e-03
6.120000000000000107e+00	3.386200999999999708e-03
6.139999999999999680e+00	2.443616999999999925e-03
6.160000000000000142e+00	1.571040199999999961e-03
6.179999999999999716e+00	8.962569999999999131e-04
6.200000000000000178e+00	5.159549999999999076e-04
6.219999999999999751e+00	3.986659999999999943e-04
6.240000000000000213e+00	4.954148000000000666e-04
6.259999999999999787e+00	7.712689999999999910e-04
6.280000000000000249e+00	1.160938000000000031e-03
6.299999999999999822e+00	1.602546999999999739e-03
6.320000000000000284e+00	2.030617999999999659e-03
6.339999999999999858e+00	2.392855000000000155e-03
6.360000000000000320e+00	2.619785000000000343e-03
6.379999999999999893e+00	2.606643999999999975e-03
6.400000000000000355e+00	2.338975999999999555e-03
6.419999999999999929e+00	1.918189999999999956e-03
6.440000000000000391e+00	1.432675999999999915e-03
6.459999999999999964e+00	8.908130000000000649e-04
6.480000000000000426e+00	2.749589999999999673e-04
6.500000000000000000e+00	-3.849495999999999777e-04
6.519999999999999574e+00	-1.105829000000000013e-03
6.540000000000000036e+00	-2.037401000000000316e-03
6.559999999999999609e+00	-3.287469999999999802e-03
6.580000000000000071e+00	-4.867149999999999775e-03
6.599999999999999645e+00	-6.710429999999999867e-03
6.620000000000000107e+00	-8.556630000000000832e-03
6.639999999999999680e+00	-1.015543999999999995e-02
6.660000000000000142e+00	-1.131212000000000016e-02
6.679999999999999716e+00	-1.199224999999999944e-02
6.700000000000000178e+00	-1.232402999999999971e-02
6.719999999999999751e+00	-1.233571999999999967e-02
6.740000000000000213e+00	-1.204328999999999990e-02
6.759999999999999787e+00	-1.143061000000000077e-02
6.780000000000000249e+00	-1.052921999999999886e-02
6.799999999999999822e+00	-9.429250000000000131e-03
6.820000000000000284e+00	-8.181029999999998858e-03
6.839999999999999858e+00	-6.839559999999999737e-03
6.860000000000000320e+00	-5.473020000000000315e-03
6.879999999999999893e+00	-4.163130000000000129e-03
6.900000000000000355e+00	-2.973070999999999874e-03
6.919999999999999929e+00	-1.877037000000000237e-03
6.940000000000000391e+00	-7.994999999999998636e-04
6.959999999999999964e+00	3.637000000000002210e-04
6.980000000000000426e+00	1.692990000000000120e-03
7.000000000000000000e+00	3.156350000000000475e-03
7.019999999999999574e+00	4.600050000000000493e-03
7.040000000000000036e+00	5.863255999999999850e-03
7.059999999999999609e+00	6.892469999999999500e-03
7.080000000000000071e+00	7.674415999999999877e-03
7.099999999999999645e+00	8.225679999999999104e-03
7.120000000000000107e+00	8.541329999999999756e-03
7.139999999999999680e+00	8.578570000000000639e-03
7.160000000000000142e+00	8.289509999999999934e-03
7.179999999999999716e+00	7.637770000000000323e-03
7.200000000000000178e+00	6.632320000000000576e-03
7.219999999999999751e+00	5.427799999999999986e-03
7.240000000000000213e+00	4.235690000000000288e-03
7.259999999999999787e+00	3.160759600000000169e-03
7.280000000000000249e+00	2.187581999999999981e-03
7.299999999999999822e+00	1.244339999999999813e-03
7.320000000000000284e+00	1.955699999999999453e-04
7.339999999999999858e+00	-1.085695999999999710e-03
7.360000000000000320e+00	-2.618655000000000115e-03
7.379999999999999893e+00	-4.379150000000000056e-03
7.400000000000000355e+00	-6.319230000000000333e-03
7.419999999999999929e+00	-8.306739999999999957e-03
7.440000000000000391e+00	-9.997290000000000690e-03
7.459999999999999964e+00	-1.097259999999999902e-02
7.480000000000000426e+00	-1.105110999999999941e-02
7.500000000000000000e+00	-1.029681999999999993e-02
7.519999999999999574e+00	-8.866789999999999394e-03
7.540000000000000036e+00	-6.961580000000000198e-03
7.559999999999999609e+00	-4.871799999999999915e-03
7.580000000000000071e+00	-2.871391999999999955e-03
7.599999999999999645e+00	-1.091080999999999822e-03
7.620000000000000107e+00	4.807089999999999540e-04
7.639999999999999680e+00	1.992536000000000047e-03
7.660000000000000142e+00	3.601369999999999572e-03
7.679999999999999716e+00	5.360999999999999446e-03
7.700000000000000178e+00	7.255199999999999844e-03
7.719999999999999751e+00	9.173640000000000266e-03
7.740000000000000213e+00	1.104704999999999923e-02
7.759999999999999787e+00	1.289601999999999936e-02
7.780000000000000249e+00	1.468248000000000122e-02
7.799999999999999822e+00	1.639826999999999951e-02
7.820000000000000284e+00	1.790368999999999988e-02
7.839999999999999858e+00	1.897363999999999995e-02
7.860000000000000320e+00	1.939993000000000273e-02
7.879999999999999893e+00	1.897669999999999912e-02
7.900000000000000355e+00	1.771073999999999912e-02
7.919999999999999929e+00	1.572629999999999861e-02
7.940000000000000391e+00	1.319727000000000053e-02
7.959999999999999964e+00	1.035587999999999960e-02
7.980000000000000426e+00	7.391380000000000346e-03
8.000000000000000000e+00	4.479112000000000371e-03
8.019999999999999574e+00	1.646010000000000051e-03
8.039999999999999147e+00	-1.111899999999999868e-03
8.060000000000000497e+00	-3.755684000000000019e-03
8.080000000000000071e+00	-6.335579999999999511e-03
8.099999999999999645e+00	-8.825309999999999405e-03
8.119999999999999218e+00	-1.116381999999999965e-02
8.140000000000000568e+00	-1.327631999999999944e-02
8.160000000000000142e+00	-1.506590000000000013e-02
8.179999999999999716e+00	-1.641843000000000122e-02
8.199999999999999289e+00	-1.715403000000000067e-02
8.220000000000000639e+00	-1.710609999999999908e-02
8.240000000000000213e+00	-1.615964999999999763e-02
8.259999999999999787e+00	-1.443062999999999985e-02
8.279999999999999361e+00	-1.214701999999999969e-02
8.300000000000000711e+00	-9.526579999999999770e-03
8.320000000000000284e+00	-6.861355000000000405e-03
8.339999999999999858e+00	-4.456157999999999994e-03
8.359999999999999432e+00	-2.454627999999999931e-03
8.380000000000000782e+00	-7.603920000000000340e-04
8.400000000000000355e+00	7.536129999999999825e-04
8.419999999999999929e+00	2.158875000000000204e-03
8.439999999999999503e+00	3.468007999999999855e-03
8.460000000000000853e+00	4.647382000000000249e-03
8.480000000000000426e+00	5.613158000000000036e-03
8.500000000000000000e+00	6.297637000000000027e-03
8.519999999999999574e+00	6.749014000000000228e-03
8.539999999999999147e+00	7.085369999999999689e-03
8.560000000000000497e+00	7.339150000000000014e-03
8.580000000000000071e+00	7.425760000000000000e-03
8.599999999999999645e+00	7.149799999999999559e-03
8.619999999999999218e+00	6.325410000000000060e-03
8.640000000000000568e+00	4.894640000000000449e-03
8.660000000000000142e+00	2.919883999999999761e-03
8.679999999999999716e+00	6.439500000000001213e-04
8.699999999999999289e+00	-1.570517999999999914e-03
8.720000000000000639e+00	-3.409853000000000016e-03
8.740000000000000213e+00	-4.887026999999999517e-03
8.759999999999999787e+00	-6.195499999999999619e-03
8.779999999999999361e+00	-7.338890000000000691e-03
8.800000000000000711e+00	-8.165530000000000704e-03
8.820000000000000284e+00	-8.515460000000000737e-03
8.839999999999999858e+00	-8.403360000000000343e-03
8.859999999999999432e+00	-8.110499999999999654e-03
8.880000000000000782e+00	-7.854989999999999195e-03
8.900000000000000355e+00	-7.609999999999999577e-03
8.919999999999999929e+00	-7.220920000000000463e-03
8.939999999999999503e+00	-6.483100000000000321e-03
8.960000000000000853e+00	-5.335059999999999976e-03
8.980000000000000426e+00	-3.897616999999999922e-03
9.000000000000000000e+00	-2.410962600000000206e-03
9.019999999999999574e+00	-1.075694999999999993e-03
9.039999999999999147e+00	1.088800000000000011e-04
9.060000000000000497e+00	1.036080999999999894e-03
9.080000000000000071e+00	1.625272000000000088e-03
9.099999999999999645e+00	2.129427000000000143e-03
9.119999999999999218e+00	2.647189999999999786e-03
9.140000000000000568e+00	3.026120000000000199e-03
9.160000000000000142e+00	3.116190000000000019e-03
9.179999999999999716e+00	3.009359999999999986e-03
9.199999999999999289e+00	2.979560000000000021e-03
9.220000000000000639e+00	3.023984999999999868e-03
9.240000000000000213e+00	2.975273000000000067e-03
9.259999999999999787e+00	2.894733000000000028e-03
9.279999999999999361e+00	2.977578000000000256e-03
9.300000000000000711e+00	3.177376599999999756e-03
9.320000000000000284e+00	3.156785699999999865e-03
9.339999999999999858e+00	2.742907499999999894e-03
9.359999999999999432e+00	2.107608999999999871e-03
9.380000000000000782e+00	1.398340999999999994e-03
9.400000000000000355e+00	7.019767000000000107e-04
9.419999999999999929e+00	8.087000000000003040e-05
9.439999999999999503e+00	-4.005700000000000493e-04
9.460000000000000853e+00	-6.274199999999998442e-04
9.480000000000000426e+00	-6.420100000000001500e-04
9.500000000000000000e+00	-5.354900000000000111e-04
9.519999999999999574e+00	-3.763800000000003775e-04
9.539999999999999147e+00	-2.298800000000000149e-04
9.560000000000000497e+00	4.034000000000025413e-05
9.580000000000000071e+00	5.783599999999997684e-04
9.599999999999999645e+00	1.253925000000000352e-03
9.619999999999999218e+00	1.862993419999999910e-03
9.640000000000000568e+00	2.328331999999999798e-03
9.660000000000000142e+00	2.685200000000000000e-03
9.679999999999999716e+00	2.965940000000000243e-03
9.699999999999999289e+00	3.223010000000000111e-03
9.720000000000000639e+00	3.638109999999999955e-03
9.740000000000000213e+00	4.227339999999999570e-03
9.759999999999999787e+00	4.738749999999999907e-03
9.779999999999999361e+00	4.964180000000000328e-03
9.800000000000000711e+00	4.928489999999999781e-03
9.820000000000000284e+00	4.707799999999999832e-03
9.839999999999999858e+00	4.263309999999999322e-03
9.859999999999999432e+00	3.644780000000000242e-03
9.880000000000000782e+00	2.944630000000000164e-03
9.900000000000000355e+00	2.122787000000000111e-03
9.919999999999999929e+00	1.040555999999999990e-03
9.939999999999999503e+00	-2.930619999999999666e-04
9.960000000000000853e+00	-1.646283400000000041e-03
9.980000000000000426e+00	-2.891060999999999891e-03
1.000000000000000000e+01	-4.129233000000000382e-03
1.001999999999999957e+01	-5.433630000000000057e-03
1.003999999999999915e+01	-6.653870000000000964e-03
1.006000000000000050e+01	-7.634290000000000173e-03
1.008000000000000007e+01	-8.331119999999999151e-03
1.009999999999999964e+01	-8.730959999999999416e-03
1.011999999999999922e+01	-8.910509999999999958e-03
1.014000000000000057e+01	-8.945780000000000398e-03
1.016000000000000014e+01	-8.799589999999999496e-03
1.017999999999999972e+01	-8.395089999999999150e-03
1.019999999999999929e+01	-7.689410000000000689e-03
1.022000000000000064e+01	-6.769690000000000082e-03
1.024000000000000021e+01	-5.721097999999999982e-03
1.025999999999999979e+01	-4.463436999999999787e-03
1.027999999999999936e+01	-2.959674000000000246e-03
1.030000000000000071e+01	-1.290579999999999722e-03
1.032000000000000028e+01	5.218899999999998974e-04
1.033999999999999986e+01	2.460101999999999602e-03
1.035999999999999943e+01	4.426272000000000192e-03
1.038000000000000078e+01	6.297389999999999932e-03
1.040000000000000036e+01	7.970859999999999751e-03
1.041999999999999993e+01	9.399460000000000107e-03
1.043999999999999950e+01	1.060886999999999941e-02
1.046000000000000085e+01	1.162643000000000010e-02
1.048000000000000043e+01	1.238641000000000048e-02
1.050000000000000000e+01	1.287668999999999966e-02
1.051999999999999957e+01	1.311036000000000146e-02
1.053999999999999915e+01	1.303555999999999986e-02
1.056000000000000050e+01	1.265240999999999935e-02
1.058000000000000007e+01	1.198002999999999915e-02
1.059999999999999964e+01	1.106541999999999942e-02
1.061999999999999922e+01	1.000470999999999999e-02
1.064000000000000057e+01	8.829029999999999864e-03
1.066000000000000014e+01	7.466859999999999643e-03
1.067999999999999972e+01	5.824869999999999354e-03
1.069999999999999929e+01	3.891369999999999899e-03
1.072000000000000064e+01	1.787630000000000122e-03
1.074000000000000021e+01	-2.868900000000001484e-04
1.075999999999999979e+01	-2.222129999999999678e-03
1.077999999999999936e+01	-4.070090000000000166e-03
1.080000000000000071e+01	-5.870030000000000039e-03
1.082000000000000028e+01	-7.544211000000000319e-03
1.083999999999999986e+01	-8.948130000000000320e-03
1.085999999999999943e+01	-9.948840000000000461e-03
1.088000000000000078e+01	-1.050469000000000055e-02
1.090000000000000036e+01	-1.065129000000000076e-02
1.091999999999999993e+01	-1.044113999999999980e-02
1.093999999999999950e+01	-9.983010000000000495e-03
1.096000000000000085e+01	-9.413529999999999814e-03
1.098000000000000043e+01	-8.748099999999999973e-03
1.100000000000000000e+01	-7.889059999999999823e-03
1.101999999999999957e+01	-6.788770000000000394e-03
1.103999999999999915e+01	-5.493780000000000191e-03
1.106000000000000050e+01	-4.045969999999999428e-03
1.108000000000000007e+01	-2.471229999999999608e-03
1.109999999999999964e+01	-8.286960000000000767e-04
1.111999999999999922e+01	7.817309999999999190e-04
1.114000000000000057e+01	2.268230999999999893e-03
1.116000000000000014e+01	3.546009999999999614e-03
1.117999999999999972e+01	4.517119999999999469e-03
1.119999999999999929e+01	5.135580000000000700e-03
1.122000000000000064e+01	5.394640000000000025e-03
1.124000000000000021e+01	5.293050000000000532e-03
1.125999999999999979e+01	4.832880000000000335e-03
1.127999999999999936e+01	4.026965999999999879e-03
1.130000000000000071e+01	2.971213600000000097e-03
1.132000000000000028e+01	1.826366999999999964e-03
1.133999999999999986e+01	7.096599999999999783e-04
1.135999999999999943e+01	-3.517199999999998106e-04
1.138000000000000078e+01	-1.361754999999999867e-03
1.140000000000000036e+01	-2.355714000000000072e-03
1.141999999999999993e+01	-3.387409999999999987e-03
1.143999999999999950e+01	-4.444309999999999927e-03
1.146000000000000085e+01	-5.404579999999999974e-03
1.148000000000000043e+01	-6.139590000000000325e-03
1.150000000000000000e+01	-6.624359999999999277e-03
1.151999999999999957e+01	-6.908023000000000115e-03
1.153999999999999915e+01	-7.057108000000000304e-03
1.156000000000000050e+01	-7.107160599999999724e-03
1.158000000000000007e+01	-7.079175000000000051e-03
1.159999999999999964e+01	-6.992794999999999567e-03
1.161999999999999922e+01	-6.850181999999999799e-03
1.164000000000000057e+01	-6.686515999999999987e-03
1.166000000000000014e+01	-6.566441999999999592e-03
1.167999999999999972e+01	-6.546350999999999733e-03
1.169999999999999929e+01	-6.622589999999999380e-03
1.172000000000000064e+01	-6.696820000000000030e-03
1.174000000000000021e+01	-6.618270000000000750e-03
1.175999999999999979e+01	-6.234250000000000208e-03
1.177999999999999936e+01	-5.469609999999999750e-03
1.180000000000000071e+01	-4.385250000000000259e-03
1.182000000000000028e+01	-3.130055000000000077e-03
1.183999999999999986e+01	-1.857579999999999952e-03
1.185999999999999943e+01	-6.648389999999999682e-04
1.188000000000000078e+01	4.389940000000000595e-04
1.190000000000000036e+01	1.555762000000000030e-03
1.191999999999999993e+01	2.831100000000000023e-03
1.193999999999999950e+01	4.316760000000000215e-03
1.196000000000000085e+01	5.874230000000000250e-03
1.198000000000000043e+01	7.260120000000000115e-03
1.200000000000000000e+01	8.356820000000000914e-03
1.201999999999999957e+01	9.210579999999999462e-03
1.203999999999999915e+01	9.945010000000000655e-03
1.206000000000000050e+01	1.062077999999999980e-02
1.208000000000000007e+01	1.118262000000000075e-02
1.209999999999999964e+01	1.149065999999999976e-02
1.211999999999999922e+01	1.136731000000000026e-02
1.214000000000000057e+01	1.073533999999999947e-02
1.216000000000000014e+01	9.654320000000000956e-03
1.217999999999999972e+01	8.255662000000000417e-03
1.219999999999999929e+01	6.736967999999999429e-03
1.222000000000000064e+01	5.338269999999999994e-03
1.224000000000000021e+01	4.235810000000000443e-03
1.225999999999999979e+01	3.445540000000000408e-03
1.227999999999999936e+01	2.841680000000000074e-03
1.230000000000000071e+01	2.322100000000000553e-03
1.232000000000000028e+01	1.876749999999999729e-03
1.233999999999999986e+01	1.531429999999999857e-03
1.235999999999999943e+01	1.305540999999999906e-03
1.238000000000000078e+01	1.191008020000000047e-03
1.240000000000000036e+01	1.146169000000000051e-03
1.241999999999999993e+01	1.097419999999999993e-03
1.243999999999999950e+01	1.005550000000000020e-03
1.246000000000000085e+01	8.882899999999999130e-04
1.248000000000000043e+01	7.817599999999998335e-04
1.250000000000000000e+01	7.245799999999998423e-04
1.251999999999999957e+01	7.761800000000000123e-04
1.253999999999999915e+01	9.889299999999998439e-04
1.256000000000000050e+01	1.341770000000000159e-03
1.258000000000000007e+01	1.721979999999999908e-03
1.259999999999999964e+01	1.997399999999999870e-03
1.261999999999999922e+01	2.081370999999999829e-03
1.264000000000000057e+01	1.935245800000000207e-03
1.266000000000000014e+01	1.573041999999999973e-03
1.267999999999999972e+01	1.053974999999999964e-03
1.269999999999999929e+01	4.333293000000000323e-04
1.272000000000000064e+01	-2.568200000000000517e-04
1.274000000000000021e+01	-9.866280000000000276e-04
1.275999999999999979e+01	-1.767355999999999875e-03
1.277999999999999936e+01	-2.646721500000000053e-03
1.280000000000000071e+01	-3.653354000000000150e-03
1.282000000000000028e+01	-4.748903000000000499e-03
1.283999999999999986e+01	-5.866941000000000517e-03
1.285999999999999943e+01	-6.974479999999999916e-03
1.288000000000000078e+01	-8.042830000000000812e-03
1.290000000000000036e+01	-9.026050000000000739e-03
1.291999999999999993e+01	-9.837560000000000401e-03
1.293999999999999950e+01	-1.036457000000000003e-02
1.296000000000000085e+01	-1.051487999999999902e-02
1.298000000000000043e+01	-1.027196000000000012e-02
1.300000000000000000e+01	-9.685010000000000840e-03
1.301999999999999957e+01	-8.807940000000000214e-03
1.303999999999999915e+01	-7.669370000000000007e-03
1.306000000000000050e+01	-6.283757000000000058e-03
1.308000000000000007e+01	-4.672057000000000293e-03
1.309999999999999964e+01	-2.863945000000000119e-03
1.311999999999999922e+01	-9.179400000000001187e-04
1.314000000000000057e+01	1.089411000000000199e-03
1.316000000000000014e+01	3.098595999999999902e-03
1.317999999999999972e+01	5.056009999999999671e-03
1.319999999999999929e+01	6.850359999999999783e-03
1.322000000000000064e+01	8.325889999999998986e-03
1.324000000000000021e+01	9.402580000000000660e-03
1.325999999999999979e+01	1.013814000000000035e-02
1.327999999999999936e+01	1.061198999999999996e-02
1.330000000000000071e+01	1.082628000000000063e-02
1.332000000000000028e+01	1.075280999999999980e-02
1.333999999999999986e+01	1.037099000000000007e-02
1.335999999999999943e+01	9.632419999999999177e-03
1.338000000000000078e+01	8.504378999999999411e-03
1.340000000000000036e+01	7.042890999999999908e-03
1.341999999999999993e+01	5.380370000000000638e-03
1.343999999999999950e+01	3.661499999999999824e-03
1.346000000000000085e+01	1.985520000000000167e-03
1.348000000000000043e+01	3.826500000000000040e-04
1.350000000000000000e+01	-1.194350000000000273e-03
1.351999999999999957e+01	-2.803170000000000661e-03
1.353999999999999915e+01	-4.438720000000000165e-03
1.356000000000000050e+01	-6.019439999999999166e-03
1.358000000000000007e+01	-7.425130000000001139e-03
1.359999999999999964e+01	-8.550694229999999257e-03
1.361999999999999922e+01	-9.345268000000000325e-03
1.364000000000000057e+01	-9.798359999999999015e-03
1.366000000000000014e+01	-9.901489999999998903e-03
1.367999999999999972e+01	-9.661170000000000174e-03
1.369999999999999929e+01	-9.096969999999999362e-03
1.372000000000000064e+01	-8.233610000000000581e-03
1.374000000000000021e+01	-7.103110000000000153e-03
1.375999999999999979e+01	-5.759049999999999933e-03
1.377999999999999936e+01	-4.279629999999999546e-03
1.380000000000000071e+01	-2.727745999999999643e-03
1.382000000000000028e+01	-1.139879000000000109e-03
1.383999999999999986e+01	4.577000000000001206e-04
1.385999999999999943e+01	2.025830000000000165e-03
1.388000000000000078e+01	3.496895000000000298e-03
1.390000000000000036e+01	4.776929000000000071e-03
1.391999999999999993e+01	5.761480999999999721e-03
1.393999999999999950e+01	6.405496000000000106e-03
1.396000000000000085e+01	6.732785000000000679e-03
1.398000000000000043e+01	6.768032000000000215e-03
1.400000000000000000e+01	6.529688399999999775e-03
1.401999999999999957e+01	6.035102999999999995e-03
1.403999999999999915e+01	5.303836000000000141e-03
1.406000000000000050e+01	4.368712000000000290e-03
1.408000000000000007e+01	3.268569999999999722e-03
1.409999999999999964e+01	2.053000000000000137e-03
1.411999999999999922e+01	7.765999999999999032e-04
1.414000000000000057e+01	-5.059699999999999007e-04
1.416000000000000014e+01	-1.731483000000000024e-03
1.417999999999999972e+01	-2.841254000000000089e-03
1.419999999999999929e+01	-3.793719999999999992e-03
1.422000000000000064e+01	-4.567410000000000046e-03
1.424000000000000021e+01	-5.171890000000000168e-03
1.425999999999999979e+01	-5.618800000000000183e-03
1.427999999999999936e+01	-5.918679999999999948e-03
1.430000000000000071e+01	-6.102699999999999965e-03
1.432000000000000028e+01	-6.199811999999999858e-03
1.433999999999999986e+01	-6.222136999999999980e-03
1.435999999999999943e+01	-6.177226000000000071e-03
1.438000000000000078e+01	-6.074376999999999728e-03
1.440000000000000036e+01	-5.904418999999999293e-03
1.441999999999999993e+01	-5.647619999999999897e-03
1.443999999999999950e+01	-5.293869999999999999e-03
1.446000000000000085e+01	-4.835840000000000104e-03
1.448000000000000043e+01	-4.276560000000000430e-03
1.450000000000000000e+01	-3.631510000000000120e-03
1.451999999999999957e+01	-2.917870000000000359e-03
1.453999999999999915e+01	-2.151433999999999812e-03
1.456000000000000050e+01	-1.358430999999999788e-03
1.458000000000000007e+01	-5.553690000000000015e-04
1.459999999999999964e+01	2.553660000000000348e-04
1.461999999999999922e+01	1.063464999999999983e-03
1.464000000000000057e+01	1.834963999999999909e-03
1.466000000000000014e+01	2.561541999999999986e-03
1.467999999999999972e+01	3.288295100000000141e-03
1.469999999999999929e+01	4.066174999999999998e-03
1.472000000000000064e+01	4.924757000000000093e-03
1.474000000000000021e+01	5.859473999999999932e-03
1.475999999999999979e+01	6.825279999999999542e-03
1.477999999999999936e+01	7.763899999999999794e-03
1.480000000000000071e+01	8.645200000000000454e-03
1.482000000000000028e+01	9.447819999999999135e-03
1.483999999999999986e+01	1.011756000000000114e-02
1.485999999999999943e+01	1.056957000000000035e-02
1.488000000000000078e+01	1.078237999999999940e-02
1.490000000000000036e+01	1.080432000000000094e-02
1.491999999999999993e+01	1.068770999999999957e-02
1.493999999999999950e+01	1.044400000000000016e-02
1.496000000000000085e+01	1.007753999999999941e-02
1.498000000000000043e+01	9.616190000000000154e-03
1.500000000000000000e+01	9.067429999999999587e-03
1.501999999999999957e+01	8.410350000000000464e-03
1.503999999999999915e+01	7.629200000000000044e-03
1.506000000000000050e+01	6.711390000000000237e-03
1.508000000000000007e+01	5.622399999999999620e-03
1.509999999999999964e+01	4.340440000000000097e-03
1.511999999999999922e+01	2.897150000000000246e-03
1.514000000000000057e+01	1.359923999999999985e-03
1.516000000000000014e+01	-2.194999999999998602e-04
1.517999999999999972e+01	-1.790413999999999721e-03
1.519999999999999929e+01	-3.280110000000000144e-03
1.522000000000000064e+01	-4.628445299999999797e-03
1.524000000000000021e+01	-5.808663000000000368e-03
1.525999999999999979e+01	-6.819804000000000491e-03
1.527999999999999936e+01	-7.660590000000000108e-03
1.530000000000000071e+01	-8.332819999999999463e-03
1.532000000000000028e+01	-8.844740000000000241e-03
1.533999999999999986e+01	-9.171989999999999657e-03
1.535999999999999943e+01	-9.274299999999999211e-03
1.538000000000000078e+01	-9.134090000000000958e-03
1.540000000000000036e+01	-8.784590000000000107e-03
1.541999999999999993e+01	-8.292299999999998977e-03
1.543999999999999950e+01	-7.736899999999999680e-03
1.546000000000000085e+01	-7.177919999999999960e-03
1.548000000000000043e+01	-6.631960000000000112e-03
1.550000000000000000e+01	-6.110810000000000373e-03
1.551999999999999957e+01	-5.592359999999999345e-03
1.553999999999999915e+01	-5.011253999999999709e-03
1.556000000000000050e+01	-4.293716999999999846e-03
1.558000000000000007e+01	-3.398599999999999885e-03
1.559999999999999964e+01	-2.338250000000000484e-03
1.561999999999999922e+01	-1.150700000000000160e-03
1.564000000000000057e+01	1.132899999999998318e-04
1.566000000000000014e+01	1.381319999999999900e-03
1.567999999999999972e+01	2.572921000000000149e-03
1.569999999999999929e+01	3.632038999999999667e-03
1.572000000000000064e+01	4.525539999999999771e-03
1.574000000000000021e+01	5.204659999999999842e-03
1.575999999999999979e+01	5.593370000000000286e-03
1.577999999999999936e+01	5.669729999999999562e-03
1.580000000000000071e+01	5.491189999999999960e-03
1.582000000000000028e+01	5.125829999999999623e-03
1.583999999999999986e+01	4.625610000000000485e-03
1.585999999999999943e+01	4.044589999999999817e-03
1.588000000000000078e+01	3.431720000000000083e-03
1.590000000000000036e+01	2.792980000000000029e-03
1.591999999999999993e+01	2.110285999999999846e-03
1.593999999999999950e+01	1.365014500000000068e-03
1.596000000000000085e+01	5.251150000000000435e-04
1.598000000000000043e+01	-4.166900000000001592e-04
1.600000000000000000e+01	-1.423910999999999927e-03
1.601999999999999957e+01	-2.459876000000000163e-03
1.603999999999999915e+01	-3.499897999999999985e-03
1.605999999999999872e+01	-4.509270000000000118e-03
1.607999999999999829e+01	-5.436144000000000392e-03
1.610000000000000142e+01	-6.206438499999999622e-03
1.612000000000000099e+01	-6.740927299999999525e-03
1.614000000000000057e+01	-6.992336230000000853e-03
1.616000000000000014e+01	-6.953154999999999926e-03
1.617999999999999972e+01	-6.649230000000000765e-03
1.619999999999999929e+01	-6.129268000000000216e-03
1.621999999999999886e+01	-5.449632999999999734e-03
1.623999999999999844e+01	-4.644989999999999883e-03
1.626000000000000156e+01	-3.731679999999999373e-03
1.628000000000000114e+01	-2.727550000000000460e-03
1.630000000000000071e+01	-1.668399999999999571e-03
1.632000000000000028e+01	-5.850099999999999571e-04
1.633999999999999986e+01	5.087200000000002657e-04
1.635999999999999943e+01	1.576409999999999877e-03
1.637999999999999901e+01	2.573139000000000329e-03
1.639999999999999858e+01	3.484001000000000459e-03
1.642000000000000171e+01	4.298889999999999656e-03
1.644000000000000128e+01	4.959339999999999582e-03
1.646000000000000085e+01	5.398649999999999630e-03
1.648000000000000043e+01	5.592249999999999999e-03
1.650000000000000000e+01	5.555230999999999884e-03
1.651999999999999957e+01	5.331222000000000044e-03
1.653999999999999915e+01	4.959057999999999695e-03
1.655999999999999872e+01	4.463760000000000644e-03
1.657999999999999829e+01	3.878000000000000370e-03
1.660000000000000142e+01	3.230749999999999681e-03
1.662000000000000099e+01	2.550980000000000001e-03
1.664000000000000057e+01	1.852490000000000039e-03
1.666000000000000014e+01	1.115420000000000213e-03
1.667999999999999972e+01	3.257199999999998291e-04
1.669999999999999929e+01	-4.868500000000000431e-04
1.671999999999999886e+01	-1.248110000000000192e-03
1.673999999999999844e+01	-1.889786000000000070e-03
1.676000000000000156e+01	-2.384807000000000073e-03
1.678000000000000114e+01	-2.736744000000000156e-03
1.680000000000000071e+01	-2.962560000000000367e-03
1.682000000000000028e+01	-3.078445999999999873e-03
1.683999999999999986e+01	-3.077598999999999873e-03
1.685999999999999943e+01	-2.959119999999999980e-03
1.687999999999999901e+01	-2.743929999999999893e-03
1.689999999999999858e+01	-2.477410000000000202e-03
1.692000000000000171e+01	-2.206480999999999720e-03
1.694000000000000128e+01	-1.946536999999999920e-03
1.696000000000000085e+01	-1.703590999999999960e-03
1.698000000000000043e+01	-1.483482999999999850e-03
1.700000000000000000e+01	-1.291693999999999915e-03
1.701999999999999957e+01	-1.125260000000000106e-03
1.703999999999999915e+01	-9.652940000000000045e-04
1.705999999999999872e+01	-7.893540000000000322e-04
1.707999999999999829e+01	-5.762149999999999304e-04
1.710000000000000142e+01	-3.111589999999999799e-04
1.712000000000000099e+01	8.831799999999999026e-06
1.714000000000000057e+01	3.858598000000000084e-04
1.716000000000000014e+01	8.029956000000000203e-04
1.717999999999999972e+01	1.215583799999999954e-03
1.719999999999999929e+01	1.590679399999999927e-03
1.721999999999999886e+01	1.899556000000000161e-03
1.723999999999999844e+01	2.113648000000000089e-03
1.726000000000000156e+01	2.228510999999999860e-03
1.728000000000000114e+01	2.262500000000000188e-03
1.730000000000000071e+01	2.246556999999999721e-03
1.732000000000000028e+01	2.211531999999999994e-03
1.733999999999999986e+01	2.187305000000000065e-03
1.735999999999999943e+01	2.207276000000000203e-03
1.737999999999999901e+01	2.303593000000000047e-03
1.739999999999999858e+01	2.486327999999999889e-03
1.742000000000000171e+01	2.724029999999999681e-03
1.744000000000000128e+01	2.976910000000000146e-03
1.746000000000000085e+01	3.222410000000000205e-03
1.748000000000000043e+01	3.446840000000000060e-03
1.750000000000000000e+01	3.646610000000000216e-03
1.751999999999999957e+01	3.825590999999999714e-03
1.753999999999999915e+01	3.985325999999999973e-03
1.755999999999999872e+01	4.124235999999999874e-03
1.757999999999999829e+01	4.256533999999999318e-03
1.760000000000000142e+01	4.388369999999999944e-03
1.762000000000000099e+01	4.513200000000000198e-03
1.764000000000000057e+01	4.622629999999999968e-03
1.766000000000000014e+01	4.685790000000000441e-03
1.767999999999999972e+01	4.648950000000000651e-03
1.769999999999999929e+01	4.449349999999999486e-03
1.771999999999999886e+01	4.050699999999999960e-03
1.773999999999999844e+01	3.472110000000000040e-03
1.776000000000000156e+01	2.771101999999999680e-03
1.778000000000000114e+01	2.000254700000000160e-03
1.780000000000000071e+01	1.199832000000000069e-03
1.782000000000000028e+01	4.051799999999999933e-04
1.783999999999999986e+01	-3.588899999999999469e-04
1.785999999999999943e+01	-1.089669999999999831e-03
1.787999999999999901e+01	-1.785530000000000016e-03
1.789999999999999858e+01	-2.432818999999999694e-03
1.792000000000000171e+01	-3.026835999999999763e-03
1.794000000000000128e+01	-3.582103699999999915e-03
1.796000000000000085e+01	-4.114482999999999509e-03
1.798000000000000043e+01	-4.620949999999999537e-03
1.800000000000000000e+01	-5.074267999999999834e-03
1.801999999999999957e+01	-5.422336999999999296e-03
1.803999999999999915e+01	-5.629439999999999444e-03
1.805999999999999872e+01	-5.685199999999999629e-03
1.807999999999999829e+01	-5.574110000000000176e-03
1.810000000000000142e+01	-5.283921999999999924e-03
1.812000000000000099e+01	-4.844980999999999940e-03
1.814000000000000057e+01	-4.317004000000000154e-03
1.816000000000000014e+01	-3.745883000000000199e-03
1.817999999999999972e+01	-3.151003700000000116e-03
1.819999999999999929e+01	-2.542980999999999714e-03
1.821999999999999886e+01	-1.944495000000000078e-03
1.823999999999999844e+01	-1.392828000000000035e-03
1.826000000000000156e+01	-9.153310000000000222e-04
1.828000000000000114e+01	-5.193330000000000776e-04
1.830000000000000071e+01	-1.959269999999999827e-04
1.832000000000000028e+01	6.931349999999999968e-05
1.833999999999999986e+01	2.923110999999999939e-04
1.835999999999999943e+01	4.841200000000000473e-04
1.837999999999999901e+01	6.366139999999999733e-04
1.839999999999999858e+01	7.313720000000000984e-04
1.842000000000000171e+01	7.399039999999999957e-04
1.844000000000000128e+01	6.338020000000000416e-04
1.846000000000000085e+01	4.233770000000000090e-04
1.848000000000000043e+01	1.484170000000000259e-04
1.850000000000000000e+01	-1.521899999999999913e-04
1.851999999999999957e+01	-4.505149999999999650e-04
1.853999999999999915e+01	-7.323926000000001001e-04
1.855999999999999872e+01	-1.000000999999999928e-03
1.857999999999999829e+01	-1.271706999999999959e-03
1.860000000000000142e+01	-1.565413000000000308e-03
1.862000000000000099e+01	-1.894325999999999996e-03
1.864000000000000057e+01	-2.262139000000000250e-03
1.866000000000000014e+01	-2.661423000000000001e-03
1.867999999999999972e+01	-3.066751999999999846e-03
1.869999999999999929e+01	-3.451322949999999831e-03
1.871999999999999886e+01	-3.802540999999999994e-03
1.873999999999999844e+01	-4.101335999999999697e-03
1.876000000000000156e+01	-4.322616000000000479e-03
1.878000000000000114e+01	-4.443673999999999888e-03
1.880000000000000071e+01	-4.459499999999999922e-03
1.882000000000000028e+01	-4.382229999999999979e-03
1.883999999999999986e+01	-4.237249999999999697e-03
1.885999999999999943e+01	-4.048630000000000111e-03
1.887999999999999901e+01	-3.819589999999999878e-03
1.889999999999999858e+01	-3.542059999999999653e-03
1.892000000000000171e+01	-3.213429999999999759e-03
1.894000000000000128e+01	-2.827989999999999844e-03
1.896000000000000085e+01	-2.375300000000000328e-03
1.898000000000000043e+01	-1.853454999999999946e-03
1.900000000000000000e+01	-1.266539000000000120e-03
1.901999999999999957e+01	-6.213666899999999941e-04
1.903999999999999915e+01	7.330100000000000851e-05
1.905999999999999872e+01	8.054959999999999464e-04
1.907999999999999829e+01	1.556556999999999863e-03
1.910000000000000142e+01	2.303635000000000058e-03
1.912000000000000099e+01	3.027338000000000078e-03
1.914000000000000057e+01	3.709704000000000300e-03
1.916000000000000014e+01	4.334479999999999930e-03
1.917999999999999972e+01	4.889580000000000141e-03
1.919999999999999929e+01	5.369340000000000224e-03
1.921999999999999886e+01	5.772520000000000602e-03
1.923999999999999844e+01	6.097340000000000572e-03
1.926000000000000156e+01	6.343689999999999052e-03
1.928000000000000114e+01	6.514480000000000444e-03
1.930000000000000071e+01	6.609689999999999663e-03
1.932000000000000028e+01	6.623330000000000189e-03
1.933999999999999986e+01	6.547809999999999395e-03
1.935999999999999943e+01	6.374449999999999388e-03
1.937999999999999901e+01	6.096250000000000106e-03
1.939999999999999858e+01	5.712896000000000293e-03
1.942000000000000171e+01	5.233577999999999147e-03
1.944000000000000128e+01	4.674084999999999698e-03
1.946000000000000085e+01	4.056131000000000146e-03
1.948000000000000043e+01	3.403979000000000119e-03
1.950000000000000000e+01	2.740681000000000020e-03
1.951999999999999957e+01	2.087993000000000227e-03
1.953999999999999915e+01	1.465420000000000047e-03
1.955999999999999872e+01	8.888209000000001081e-04
1.957999999999999829e+01	3.695594000000000179e-04
1.960000000000000142e+01	-8.408590000000000075e-05
1.962000000000000099e+01	-4.662839000000000437e-04
1.964000000000000057e+01	-7.738059000000000040e-04
1.966000000000000014e+01	-1.003603999999999954e-03
1.967999999999999972e+01	-1.152930000000000144e-03
1.969999999999999929e+01	-1.221539000000000002e-03
1.971999999999999886e+01	-1.212246999999999847e-03
1.973999999999999844e+01	-1.130876000000000060e-03
1.976000000000000156e+01	-9.854632000000000756e-04
1.978000000000000114e+01	-7.861145999999999629e-04
1.980000000000000071e+01	-5.450358000000000850e-04
1.982000000000000028e+01	-2.759594000000000196e-04
1.983999999999999986e+01	7.003899999999999129e-06
1.985999999999999943e+01	2.898898200000000190e-04
1.987999999999999901e+01	5.595381299999999634e-04
1.989999999999999858e+01	8.042926999999999845e-04
1.992000000000000171e+01	1.014587599999999942e-03
1.994000000000000128e+01	1.183155299999999856e-03
1.996000000000000085e+01	1.304996800000000163e-03
1.998000000000000043e+01	1.377374800000000059e-03
2.000000000000000000e+01	1.400007499999999941e-03
