0.000000000000000000e+00	0.000000000000000000e+00
2.000000000000000042e-02	9.707067635999999691e-07
4.000000000000000083e-02	-3.598591449999999845e-06
5.999999999999999778e-02	6.664219299999999785e-06
8.000000000000000167e-02	3.355054220000000152e-05
1.000000000000000056e-01	3.928568500000000129e-05
1.199999999999999956e-01	2.201798000000000023e-05
1.400000000000000133e-01	-1.736773000000000185e-05
1.600000000000000033e-01	-8.213100000000000359e-05
1.799999999999999933e-01	-1.562841000000000035e-04
2.000000000000000111e-01	-2.260398700000000019e-04
2.200000000000000011e-01	-3.003651119999999606e-04
2.399999999999999911e-01	-3.761044999999999970e-04
2.600000000000000089e-01	-4.252937000000000037e-04
2.800000000000000266e-01	-4.741121999999999633e-04
2.999999999999999889e-01	-5.675279999999999778e-04
3.200000000000000067e-01	-6.399330000000000816e-04
3.400000000000000244e-01	-6.905060000000000191e-04
3.599999999999999867e-01	-7.561420000000000120e-04
3.800000000000000044e-01	-8.071279999999999471e-04
4.000000000000000222e-01	-8.181980000000000156e-04
4.199999999999999845e-01	-7.908460000000001053e-04
4.400000000000000022e-01	-7.443890000000000316e-04
4.600000000000000200e-01	-6.619080000000001143e-04
4.799999999999999822e-01	-5.149799999999999517e-04
5.000000000000000000e-01	-2.751699999999999285e-04
5.200000000000000178e-01	3.591000000000010850e-05
5.400000000000000355e-01	3.495399999999999636e-04
5.600000000000000533e-01	5.781839999999999246e-04
5.799999999999999600e-01	7.068040000000000043e-04
5.999999999999999778e-01	7.197340000000000855e-04
6.199999999999999956e-01	6.920440000000000575e-04
6.400000000000000133e-01	6.537240000000000585e-04
6.600000000000000311e-01	6.483040000000000460e-04
6.800000000000000488e-01	7.587569999999999861e-04
6.999999999999999556e-01	8.802050000000000065e-04
7.199999999999999734e-01	9.912810000000001065e-04
7.399999999999999911e-01	1.040094000000000088e-03
7.600000000000000089e-01	9.842639999999998855e-04
7.800000000000000266e-01	8.308290000000000510e-04
8.000000000000000444e-01	6.311580000000000445e-04
8.199999999999999512e-01	4.106410000000000008e-04
8.399999999999999689e-01	1.649265999999999872e-04
8.599999999999999867e-01	-1.264958500000000062e-04
8.800000000000000044e-01	-3.927584000000000240e-04
9.000000000000000222e-01	-6.089727000000000725e-04
9.200000000000000400e-01	-7.508969000000000104e-04
9.399999999999999467e-01	-8.100944999999999804e-04
9.599999999999999645e-01	-9.097066000000001307e-04
9.799999999999999822e-01	-9.224209999999999831e-04
1.000000000000000000e+00	-8.738350000000001064e-04
1.020000000000000018e+00	-8.578389999999998889e-04
1.040000000000000036e+00	-8.544839999999999727e-04
1.060000000000000053e+00	-7.662960000000000778e-04
1.080000000000000071e+00	-6.669939999999999636e-04
1.100000000000000089e+00	-5.952699999999999571e-04
1.120000000000000107e+00	-4.619500000000000342e-04
1.139999999999999902e+00	-1.330999999999999284e-04
1.159999999999999920e+00	2.549200000000000597e-04
1.179999999999999938e+00	5.359099999999999021e-04
1.199999999999999956e+00	8.555500000000000604e-04
1.219999999999999973e+00	1.282090999999999960e-03
1.239999999999999991e+00	1.769373999999999990e-03
1.260000000000000009e+00	2.040397000000000217e-03
1.280000000000000027e+00	2.069485000000000248e-03
1.300000000000000044e+00	1.913240999999999987e-03
1.320000000000000062e+00	1.638436000000000059e-03
1.340000000000000080e+00	1.408430999999999919e-03
1.360000000000000098e+00	1.208876999999999912e-03
1.379999999999999893e+00	1.059396199999999844e-03
1.399999999999999911e+00	9.956990000000000632e-04
1.419999999999999929e+00	9.971660000000000679e-04
1.439999999999999947e+00	9.939100000000001926e-04
1.459999999999999964e+00	9.212490000000000696e-04
1.479999999999999982e+00	9.166929999999998916e-04
1.500000000000000000e+00	9.509630000000000903e-04
1.520000000000000018e+00	9.012390000000000765e-04
1.540000000000000036e+00	8.365880000000000885e-04
1.560000000000000053e+00	7.908589999999999847e-04
1.580000000000000071e+00	7.175550000000000374e-04
1.600000000000000089e+00	6.379359999999999718e-04
1.620000000000000107e+00	5.352649999999999379e-04
1.639999999999999902e+00	4.670880000000000518e-04
1.659999999999999920e+00	4.669369999999999511e-04
1.679999999999999938e+00	4.821139999999999584e-04
1.699999999999999956e+00	5.183489999999999799e-04
1.719999999999999973e+00	4.605769999999999916e-04
1.739999999999999991e+00	2.059799999999999218e-04
1.760000000000000009e+00	-1.733399999999999091e-04
1.780000000000000027e+00	-5.724589999999999887e-04
1.800000000000000044e+00	-9.136739999999999532e-04
1.820000000000000062e+00	-1.173793000000000015e-03
1.840000000000000080e+00	-1.399852999999999948e-03
1.860000000000000098e+00	-1.567055999999999831e-03
1.879999999999999893e+00	-1.585856000000000071e-03
1.899999999999999911e+00	-1.474256999999999868e-03
1.919999999999999929e+00	-1.335397999999999794e-03
1.939999999999999947e+00	-1.257700000000000051e-03
1.959999999999999964e+00	-1.363850000000000002e-03
1.979999999999999982e+00	-1.690393099999999921e-03
2.000000000000000000e+00	-2.152898999999999785e-03
2.020000000000000018e+00	-2.712500000000000067e-03
2.040000000000000036e+00	-3.241889999999999876e-03
2.060000000000000053e+00	-3.587769999999999675e-03
2.080000000000000071e+00	-3.539275000000000147e-03
2.100000000000000089e+00	-3.133920000000000108e-03
2.120000000000000107e+00	-2.679762000000000029e-03
2.140000000000000124e+00	-2.260459999999999726e-03
2.160000000000000142e+00	-1.928519999999999757e-03
2.180000000000000160e+00	-1.658209999999999806e-03
2.200000000000000178e+00	-1.417209999999999911e-03
2.220000000000000195e+00	-1.368709999999999545e-03
2.240000000000000213e+00	-1.599160000000000078e-03
2.259999999999999787e+00	-2.018399999999999622e-03
2.279999999999999805e+00	-2.374069999999999826e-03
2.299999999999999822e+00	-2.651880000000000556e-03
2.319999999999999840e+00	-2.936509999999999815e-03
2.339999999999999858e+00	-3.143239999999999403e-03
2.359999999999999876e+00	-3.257020000000000227e-03
2.379999999999999893e+00	-3.340759999999999043e-03
2.399999999999999911e+00	-3.275809999999999660e-03
2.419999999999999929e+00	-2.857060000000000675e-03
2.439999999999999947e+00	-2.008730000000000238e-03
2.459999999999999964e+00	-6.118499999999997205e-04
2.479999999999999982e+00	1.132250000000000444e-03
2.500000000000000000e+00	3.047109999999999576e-03
2.520000000000000018e+00	4.957829999999999876e-03
2.540000000000000036e+00	6.785854400000000154e-03
2.560000000000000053e+00	8.378810000000000424e-03
2.580000000000000071e+00	9.511409999999999657e-03
2.600000000000000089e+00	1.024175999999999906e-02
2.620000000000000107e+00	1.054843999999999921e-02
2.640000000000000124e+00	1.041425999999999984e-02
2.660000000000000142e+00	9.876125999999998961e-03
2.680000000000000160e+00	8.839780000000000207e-03
2.700000000000000178e+00	7.077959999999999460e-03
2.720000000000000195e+00	4.849400000000000238e-03
2.740000000000000213e+00	2.586270000000000756e-03
2.759999999999999787e+00	7.113600000000011581e-04
2.779999999999999805e+00	-6.716200000000012438e-04
2.799999999999999822e+00	-1.721700000000000487e-03
2.819999999999999840e+00	-2.688689999999999657e-03
2.839999999999999858e+00	-3.719520000000000465e-03
2.859999999999999876e+00	-4.411099999999999396e-03
2.879999999999999893e+00	-4.544849999999999585e-03
2.899999999999999911e+00	-4.481870000000000645e-03
2.919999999999999929e+00	-4.535350000000000492e-03
2.939999999999999947e+00	-4.554110000000000102e-03
2.959999999999999964e+00	-4.718790000000000484e-03
2.979999999999999982e+00	-5.220742000000000438e-03
3.000000000000000000e+00	-5.989849999999999688e-03
3.020000000000000018e+00	-6.872539999999999899e-03
3.040000000000000036e+00	-7.717569999999999986e-03
3.060000000000000053e+00	-8.568189999999999834e-03
3.080000000000000071e+00	-9.204086999999999685e-03
3.100000000000000089e+00	-9.031459999999999835e-03
3.120000000000000107e+00	-7.620779999999998874e-03
3.140000000000000124e+00	-4.957140000000000504e-03
3.160000000000000142e+00	-1.052570000000000068e-03
3.180000000000000160e+00	3.840829999999999071e-03
3.200000000000000178e+00	8.586820000000000216e-03
3.220000000000000195e+00	1.209320000000000013e-02
3.240000000000000213e+00	1.416085999999999907e-02
3.259999999999999787e+00	1.457005000000000106e-02
3.279999999999999805e+00	1.352785999999999919e-02
3.299999999999999822e+00	1.181311999999999987e-02
3.319999999999999840e+00	1.019039999999999876e-02
3.339999999999999858e+00	9.315750000000001113e-03
3.359999999999999876e+00	8.820349999999999371e-03
3.379999999999999893e+00	8.023789999999999395e-03
3.399999999999999911e+00	6.520171999999999427e-03
3.419999999999999929e+00	3.904936100000000378e-03
3.439999999999999947e+00	3.209789999999998825e-04
3.459999999999999964e+00	-3.300550000000000185e-03
3.479999999999999982e+00	-5.812089999999999791e-03
3.500000000000000000e+00	-6.723339999999999525e-03
3.520000000000000018e+00	-6.190677999999999806e-03
3.540000000000000036e+00	-4.641884399999999904e-03
3.560000000000000053e+00	-2.337389999999999954e-03
3.580000000000000071e+00	3.476100000000001498e-04
3.600000000000000089e+00	2.864627900000000105e-03
3.620000000000000107e+00	4.999230000000000340e-03
3.640000000000000124e+00	6.364679999999999296e-03
3.660000000000000142e+00	6.291159999999999634e-03
3.680000000000000160e+00	4.718722399999999983e-03
3.700000000000000178e+00	2.194799999999999789e-03
3.720000000000000195e+00	-8.848199999999997040e-04
3.740000000000000213e+00	-4.141699999999999895e-03
3.759999999999999787e+00	-7.303379999999999941e-03
3.779999999999999805e+00	-1.035733789999999932e-02
3.799999999999999822e+00	-1.325490000000000002e-02
3.819999999999999840e+00	-1.565953000000000137e-02
3.839999999999999858e+00	-1.706246000000000151e-02
3.859999999999999876e+00	-1.723703000000000041e-02
3.879999999999999893e+00	-1.604322999999999860e-02
3.899999999999999911e+00	-1.353543999999999928e-02
3.919999999999999929e+00	-1.045544999999999981e-02
3.939999999999999947e+00	-7.566045999999999883e-03
3.959999999999999964e+00	-4.948763999999999594e-03
3.979999999999999982e+00	-2.276139999999999847e-03
4.000000000000000000e+00	4.778899999999999121e-04
4.019999999999999574e+00	2.925580000000000108e-03
4.040000000000000036e+00	4.788554999999999895e-03
4.059999999999999609e+00	6.089050999999999839e-03
4.080000000000000071e+00	6.806180000000000216e-03
4.099999999999999645e+00	6.687159999999999285e-03
4.120000000000000107e+00	5.702010000000000411e-03
4.139999999999999680e+00	4.282509999999999789e-03
4.160000000000000142e+00	2.974549999999999850e-03
4.179999999999999716e+00	2.050740000000000115e-03
4.200000000000000178e+00	1.712749999999999863e-03
4.219999999999999751e+00	2.125900000000000012e-03
4.240000000000000213e+00	3.233549999999999966e-03
4.259999999999999787e+00	4.648480000000000840e-03
4.280000000000000249e+00	5.819459999999999390e-03
4.299999999999999822e+00	6.498170000000001029e-03
4.320000000000000284e+00	6.575290000000000995e-03
4.339999999999999858e+00	5.930669999999999865e-03
4.360000000000000320e+00	4.678070000000000318e-03
4.379999999999999893e+00	3.168900000000000102e-03
4.400000000000000355e+00	1.529509999999999984e-03
4.419999999999999929e+00	-4.233399999999999143e-04
4.440000000000000391e+00	-2.702500000000000041e-03
4.459999999999999964e+00	-5.071141000000000364e-03
4.480000000000000426e+00	-6.982590000000000324e-03
4.500000000000000000e+00	-7.645240000000000195e-03
4.519999999999999574e+00	-6.668750000000000198e-03
4.540000000000000036e+00	-4.248039999999999802e-03
4.559999999999999609e+00	-8.227099999999999344e-04
4.580000000000000071e+00	3.026460000000000348e-03
4.599999999999999645e+00	6.625370000000000217e-03
4.620000000000000107e+00	9.112320000000000142e-03
4.639999999999999680e+00	9.745090000000001390e-03
4.660000000000000142e+00	8.461869999999999808e-03
4.679999999999999716e+00	5.888270000000000136e-03
4.700000000000000178e+00	3.008890000000000176e-03
4.719999999999999751e+00	6.274300000000000016e-04
4.740000000000000213e+00	-1.050640000000000254e-03
4.759999999999999787e+00	-2.131670000000000439e-03
4.780000000000000249e+00	-2.714170000000000124e-03
4.799999999999999822e+00	-3.071970000000000256e-03
4.820000000000000284e+00	-3.582779999999999819e-03
4.839999999999999858e+00	-4.510270000000000251e-03
4.860000000000000320e+00	-5.825659999999998999e-03
4.879999999999999893e+00	-7.222669999999999611e-03
4.900000000000000355e+00	-8.194509000000000862e-03
4.919999999999999929e+00	-8.359955000000000511e-03
4.940000000000000391e+00	-7.771500000000000630e-03
4.959999999999999964e+00	-6.621639999999999818e-03
4.980000000000000426e+00	-5.105850000000000319e-03
5.000000000000000000e+00	-3.588973000000000076e-03
5.019999999999999574e+00	-2.356629999999999749e-03
5.040000000000000036e+00	-1.394959999999999777e-03
5.059999999999999609e+00	-5.154299999999998813e-04
5.080000000000000071e+00	4.536699999999997679e-04
5.099999999999999645e+00	1.483379999999999421e-03
5.120000000000000107e+00	2.398499999999999591e-03
5.139999999999999680e+00	3.196449999999999986e-03
5.160000000000000142e+00	4.166610000000000279e-03
5.179999999999999716e+00	5.483540000000001156e-03
5.200000000000000178e+00	6.968110000000000449e-03
5.219999999999999751e+00	8.320759999999999962e-03
5.240000000000000213e+00	9.300920000000000715e-03
5.259999999999999787e+00	9.710967000000000904e-03
5.280000000000000249e+00	9.375201999999999147e-03
5.299999999999999822e+00	8.223881000000000593e-03
5.320000000000000284e+00	6.441513000000000273e-03
5.339999999999999858e+00	4.487790000000000182e-03
5.360000000000000320e+00	2.761500000000000066e-03
5.379999999999999893e+00	1.381200000000000179e-03
5.400000000000000355e+00	4.068399999999998927e-04
5.419999999999999929e+00	-4.038000000000001657e-05
5.440000000000000391e+00	-4.036100000000004268e-05
5.459999999999999964e+00	5.594597000000000063e-05
5.480000000000000426e+00	-1.219899999999999891e-04
5.500000000000000000e+00	-8.216200000000000109e-04
5.519999999999999574e+00	-2.058110000000000148e-03
5.540000000000000036e+00	-3.592930000000000255e-03
5.559999999999999609e+00	-5.062699999999999839e-03
5.580000000000000071e+00	-6.162840000000000158e-03
5.599999999999999645e+00	-6.705869999999999193e-03
5.620000000000000107e+00	-6.534879999999999856e-03
5.639999999999999680e+00	-5.537159999999999305e-03
5.660000000000000142e+00	-3.831020000000000085e-03
5.679999999999999716e+00	-1.836939000000000106e-03
5.700000000000000178e+00	-5.075000000000001385e-05
5.719999999999999751e+00	1.168120000000000139e-03
5.740000000000000213e+00	1.601630000000000154e-03
5.759999999999999787e+00	1.166850000000000092e-03
5.780000000000000249e+00	-4.178999999999988280e-05
5.799999999999999822e+00	-1.796809999999999814e-03
5.820000000000000284e+00	-3.739370000000000541e-03
5.839999999999999858e+00	-5.453500000000000014e-03
5.860000000000000320e+00	-6.552721000000000066e-03
5.879999999999999893e+00	-6.737563000000000232e-03
5.900000000000000355e+00	-5.923382999999999947e-03
5.919999999999999929e+00	-4.412669999999999614e-03
5.940000000000000391e+00	-2.716689999999999904e-03
5.959999999999999964e+00	-1.178299999999999747e-03
5.980000000000000426e+00	1.043200000000001938e-04
6.000000000000000000e+00	1.208410000000000040e-03
6.019999999999999574e+00	2.131579000000000199e-03
6.040000000000000036e+00	2.818852999999999637e-03
6.059999999999999609e+00	3.344500000000000250e-03
6.080000000000000071e+00	3.903799999999999805e-03
6.099999999999999645e+00	4.615644999999999817e-03
6.120000000000000107e+00	5.418140999999999582e-03
6.139999999999999680e+00	6.140547000000000540e-03
6.160000000000000142e+00	6.687720200000000365e-03
6.179999999999999716e+00	7.146917000000000027e-03
6.200000000000000178e+00	7.600710999999999579e-03
6.219999999999999751e+00	8.020489999999999911e-03
6.240000000000000213e+00	8.362771800000000019e-03
6.259999999999999787e+00	8.588940999999999243e-03
6.280000000000000249e+00	8.616910000000000194e-03
6.299999999999999822e+00	8.360450000000000173e-03
6.320000000000000284e+00	7.735090000000000021e-03
6.339999999999999858e+00	6.690390000000000052e-03
6.360000000000000320e+00	5.192280000000000506e-03
6.379999999999999893e+00	3.210933000000000016e-03
6.400000000000000355e+00	8.448799999999996764e-04
6.419999999999999929e+00	-1.661790000000000229e-03
6.440000000000000391e+00	-4.062839999999999854e-03
6.459999999999999964e+00	-6.195850000000000142e-03
6.480000000000000426e+00	-7.947553000000001297e-03
6.500000000000000000e+00	-9.195478600000001057e-03
6.519999999999999574e+00	-9.911288000000000736e-03
6.540000000000000036e+00	-1.024901099999999884e-02
6.559999999999999609e+00	-1.036594999999999878e-02
6.580000000000000071e+00	-1.035741000000000092e-02
6.599999999999999645e+00	-1.026288000000000027e-02
6.620000000000000107e+00	-9.936069999999999972e-03
6.639999999999999680e+00	-9.242560000000000359e-03
6.660000000000000142e+00	-8.103509999999999533e-03
6.679999999999999716e+00	-6.602180000000000028e-03
6.700000000000000178e+00	-4.985770000000000479e-03
6.719999999999999751e+00	-3.395234000000000012e-03
6.740000000000000213e+00	-1.938817999999999922e-03
6.759999999999999787e+00	-6.576400000000001342e-04
6.780000000000000249e+00	4.028700000000000510e-04
6.799999999999999822e+00	1.180570000000000144e-03
6.820000000000000284e+00	1.685569999999999950e-03
6.839999999999999858e+00	1.942619999999999937e-03
6.860000000000000320e+00	1.970589999999999928e-03
6.879999999999999893e+00	1.774410000000000136e-03
6.900000000000000355e+00	1.374579999999999812e-03
6.919999999999999929e+00	8.789799999999996921e-04
6.940000000000000391e+00	4.450400000000002791e-04
6.959999999999999964e+00	2.565600000000002948e-04
6.980000000000000426e+00	4.641799999999998011e-04
7.000000000000000000e+00	1.085950000000000023e-03
7.019999999999999574e+00	1.988610000000000030e-03
7.040000000000000036e+00	2.998995999999999867e-03
7.059999999999999609e+00	4.024029999999999621e-03
7.080000000000000071e+00	4.995336000000000394e-03
7.099999999999999645e+00	5.870610000000000064e-03
7.120000000000000107e+00	6.589750000000000121e-03
7.139999999999999680e+00	7.060539999999999698e-03
7.160000000000000142e+00	7.190460000000000081e-03
7.179999999999999716e+00	6.903059999999999058e-03
7.200000000000000178e+00	6.174830000000000076e-03
7.219999999999999751e+00	5.140709999999999724e-03
7.240000000000000213e+00	4.009511999999999798e-03
7.259999999999999787e+00	2.898926000000000020e-03
7.280000000000000249e+00	1.814800000000000094e-03
7.299999999999999822e+00	7.056299999999998424e-04
7.320000000000000284e+00	-5.507399999999998668e-04
7.339999999999999858e+00	-2.074345999999999916e-03
7.360000000000000320e+00	-3.877124999999999929e-03
7.379999999999999893e+00	-5.918329999999999425e-03
7.400000000000000355e+00	-8.118310000000000110e-03
7.419999999999999929e+00	-1.029830999999999976e-02
7.440000000000000391e+00	-1.205921999999999897e-02
7.459999999999999964e+00	-1.293225999999999924e-02
7.480000000000000426e+00	-1.270642999999999946e-02
7.500000000000000000e+00	-1.145323999999999995e-02
7.519999999999999574e+00	-9.381079999999999974e-03
7.540000000000000036e+00	-6.778890000000000089e-03
7.559999999999999609e+00	-4.044017000000000445e-03
7.580000000000000071e+00	-1.551564000000000068e-03
7.599999999999999645e+00	4.940559999999999874e-04
7.620000000000000107e+00	2.071369999999999895e-03
7.639999999999999680e+00	3.337115999999999780e-03
7.660000000000000142e+00	4.486310000000000298e-03
7.679999999999999716e+00	5.622489999999999953e-03
7.700000000000000178e+00	6.774230000000000008e-03
7.719999999999999751e+00	7.862689999999998569e-03
7.740000000000000213e+00	8.839349999999999291e-03
7.759999999999999787e+00	9.744400000000000284e-03
7.780000000000000249e+00	1.056740999999999930e-02
7.799999999999999822e+00	1.133786999999999989e-02
7.820000000000000284e+00	1.195738000000000009e-02
7.839999999999999858e+00	1.223514000000000025e-02
7.860000000000000320e+00	1.198280000000000005e-02
7.879999999999999893e+00	1.100150000000000086e-02
7.900000000000000355e+00	9.302740000000000314e-03
7.919999999999999929e+00	7.027595999999999669e-03
7.940000000000000391e+00	4.388776999999999956e-03
7.959999999999999964e+00	1.678449999999999734e-03
7.980000000000000426e+00	-8.450400000000000272e-04
8.000000000000000000e+00	-2.946757999999999843e-03
8.019999999999999574e+00	-4.568469999999999823e-03
8.039999999999999147e+00	-5.723050000000000359e-03
8.060000000000000497e+00	-6.422500000000000257e-03
8.080000000000000071e+00	-6.802949999999999449e-03
8.099999999999999645e+00	-6.947330000000000692e-03
8.119999999999999218e+00	-6.915125999999999738e-03
8.140000000000000568e+00	-6.754282999999999815e-03
8.160000000000000142e+00	-6.486965999999999392e-03
8.179999999999999716e+00	-6.110320000000000681e-03
8.199999999999999289e+00	-5.543300000000000137e-03
8.220000000000000639e+00	-4.700009999999999258e-03
8.240000000000000213e+00	-3.522630000000000119e-03
8.259999999999999787e+00	-2.156649999999999540e-03
8.279999999999999361e+00	-8.294100000000000431e-04
8.300000000000000711e+00	2.751599999999999879e-04
8.320000000000000284e+00	9.349149999999999214e-04
8.339999999999999858e+00	9.522730000000000083e-04
8.359999999999999432e+00	3.263390000000000344e-04
8.380000000000000782e+00	-6.747320000000000444e-04
8.400000000000000355e+00	-1.736969999999999790e-03
8.419999999999999929e+00	-2.608054999999999748e-03
8.439999999999999503e+00	-3.124192000000000028e-03
8.460000000000000853e+00	-3.216018000000000175e-03
8.480000000000000426e+00	-2.920462000000000405e-03
8.500000000000000000e+00	-2.310423000000000251e-03
8.519999999999999574e+00	-1.382585999999999885e-03
8.539999999999999147e+00	-8.934000000000003570e-05
8.560000000000000497e+00	1.514614999999999972e-03
8.580000000000000071e+00	3.242980999999999815e-03
8.599999999999999645e+00	4.783729999999999927e-03
8.619999999999999218e+00	5.823510000000000492e-03
8.640000000000000568e+00	6.178440000000000321e-03
8.660000000000000142e+00	5.805059999999999908e-03
8.679999999999999716e+00	4.877710000000000379e-03
8.699999999999999289e+00	3.735742000000000229e-03
8.720000000000000639e+00	2.707906999999999849e-03
8.740000000000000213e+00	1.815362999999999959e-03
8.759999999999999787e+00	8.958100000000001392e-04
8.779999999999999361e+00	-3.853000000000016134e-05
8.800000000000000711e+00	-8.339699999999998503e-04
8.820000000000000284e+00	-1.333710000000000104e-03
8.839999999999999858e+00	-1.554269999999999957e-03
8.859999999999999432e+00	-1.776769999999999999e-03
8.880000000000000782e+00	-2.218686000000000096e-03
8.900000000000000355e+00	-2.849906999999999614e-03
8.919999999999999929e+00	-3.503969999999999915e-03
8.939999999999999503e+00	-3.950659999999999936e-03
8.960000000000000853e+00	-4.089390000000000039e-03
8.980000000000000426e+00	-3.993797000000000319e-03
9.000000000000000000e+00	-3.854972599999999684e-03
9.019999999999999574e+00	-3.824374999999999650e-03
9.039999999999999147e+00	-3.848350000000000382e-03
9.060000000000000497e+00	-3.972269999999999968e-03
9.080000000000000071e+00	-4.207110000000000016e-03
9.099999999999999645e+00	-4.228249999999999370e-03
9.119999999999999218e+00	-3.876720000000000166e-03
9.140000000000000568e+00	-3.273689999999999673e-03
9.160000000000000142e+00	-2.580290000000000274e-03
9.179999999999999716e+00	-1.758720000000000292e-03
9.199999999999999289e+00	-6.211299999999999027e-04
9.220000000000000639e+00	7.265199999999998135e-04
9.240000000000000213e+00	2.008872000000000088e-03
9.259999999999999787e+00	3.184374000000000232e-03
9.279999999999999361e+00	4.358859999999999991e-03
9.300000000000000711e+00	5.414210000000000030e-03
9.320000000000000284e+00	5.959940000000000376e-03
9.339999999999999858e+00	5.791750000000000023e-03
9.359999999999999432e+00	5.079979999999999565e-03
9.380000000000000782e+00	4.007880000000000123e-03
9.400000000000000355e+00	2.734294699999999766e-03
9.419999999999999929e+00	1.418413999999999786e-03
9.439999999999999503e+00	2.286400000000000064e-04
9.460000000000000853e+00	-6.273199999999997875e-04
9.480000000000000426e+00	-1.124599999999999905e-03
9.500000000000000000e+00	-1.320119999999999714e-03
9.519999999999999574e+00	-1.280010000000000262e-03
9.539999999999999147e+00	-1.091190000000000129e-03
9.560000000000000497e+00	-6.529399999999998573e-04
9.580000000000000071e+00	1.365100000000000601e-04
9.599999999999999645e+00	1.099085000000000079e-03
9.619999999999999218e+00	1.975823419999999872e-03
9.640000000000000568e+00	2.630051999999999911e-03
9.660000000000000142e+00	3.042500000000000066e-03
9.679999999999999716e+00	3.208489999999999606e-03
9.699999999999999289e+00	3.170560000000000218e-03
9.720000000000000639e+00	3.130175000000000231e-03
9.740000000000000213e+00	3.146237029999999959e-03
9.759999999999999787e+00	3.019252000000000047e-03
9.779999999999999361e+00	2.591030000000000243e-03
9.800000000000000711e+00	1.929670000000000083e-03
9.820000000000000284e+00	1.150309999999999874e-03
9.839999999999999858e+00	2.520499999999997569e-04
9.859999999999999432e+00	-6.787999999999998028e-04
9.880000000000000782e+00	-1.518290000000000264e-03
9.900000000000000355e+00	-2.286440000000000260e-03
9.919999999999999929e+00	-3.118583000000000292e-03
9.939999999999999503e+00	-4.018607000000000429e-03
9.960000000000000853e+00	-4.777029999999999818e-03
9.980000000000000426e+00	-5.289770000000000062e-03
1.000000000000000000e+01	-5.680930000000000701e-03
1.001999999999999957e+01	-6.044279999999999965e-03
1.003999999999999915e+01	-6.249632000000000624e-03
1.006000000000000050e+01	-6.161574600000000596e-03
1.008000000000000007e+01	-5.759249999999999613e-03
1.009999999999999964e+01	-5.058879999999999974e-03
1.011999999999999922e+01	-4.176240000000000334e-03
1.014000000000000057e+01	-3.234949999999999892e-03
1.016000000000000014e+01	-2.248599999999999904e-03
1.017999999999999972e+01	-1.186719999999999615e-03
1.019999999999999929e+01	-4.284000000000058594e-05
1.022000000000000064e+01	1.070950000000000200e-03
1.024000000000000021e+01	2.054870000000000307e-03
1.025999999999999979e+01	2.984420000000000649e-03
1.027999999999999936e+01	3.901879999999999932e-03
1.030000000000000071e+01	4.741379999999999900e-03
1.032000000000000028e+01	5.504639999999999880e-03
1.033999999999999986e+01	6.205741999999999335e-03
1.035999999999999943e+01	6.785542000000000309e-03
1.038000000000000078e+01	7.164850000000000385e-03
1.040000000000000036e+01	7.289040000000000102e-03
1.041999999999999993e+01	7.162639999999999632e-03
1.043999999999999950e+01	6.866340000000000290e-03
1.046000000000000085e+01	6.483549999999999383e-03
1.048000000000000043e+01	6.001150999999999708e-03
1.050000000000000000e+01	5.450930000000000532e-03
1.051999999999999957e+01	4.877620000000000046e-03
1.053999999999999915e+01	4.247420000000000015e-03
1.056000000000000050e+01	3.565919999999999767e-03
1.058000000000000007e+01	2.847660000000000122e-03
1.059999999999999964e+01	2.127650000000000027e-03
1.061999999999999922e+01	1.483640000000000479e-03
1.064000000000000057e+01	9.209700000000001219e-04
1.066000000000000014e+01	3.328200000000001643e-04
1.067999999999999972e+01	-4.190600000000006126e-04
1.069999999999999929e+01	-1.396439999999999661e-03
1.072000000000000064e+01	-2.524990000000000394e-03
1.074000000000000021e+01	-3.641269999999999837e-03
1.075999999999999979e+01	-4.657480000000000300e-03
1.077999999999999936e+01	-5.637520000000000031e-03
1.080000000000000071e+01	-6.627569999999999295e-03
1.082000000000000028e+01	-7.554540999999999687e-03
1.083999999999999986e+01	-8.275479999999999989e-03
1.085999999999999943e+01	-8.654629999999999962e-03
1.088000000000000078e+01	-8.644209999999999394e-03
1.090000000000000036e+01	-8.274540000000000367e-03
1.091999999999999993e+01	-7.598050000000000290e-03
1.093999999999999950e+01	-6.730869999999999909e-03
1.096000000000000085e+01	-5.822749999999999801e-03
1.098000000000000043e+01	-4.902379999999999585e-03
1.100000000000000000e+01	-3.878808000000000082e-03
1.101999999999999957e+01	-2.701213999999999959e-03
1.103999999999999915e+01	-1.405270000000000130e-03
1.106000000000000050e+01	-1.993999999999997511e-05
1.108000000000000007e+01	1.438620000000000046e-03
1.109999999999999964e+01	2.915730999999999965e-03
1.111999999999999922e+01	4.311841000000000285e-03
1.114000000000000057e+01	5.535131000000000426e-03
1.116000000000000014e+01	6.505110000000000579e-03
1.117999999999999972e+01	7.135589999999999815e-03
1.119999999999999929e+01	7.400699999999999640e-03
1.122000000000000064e+01	7.320489999999999810e-03
1.124000000000000021e+01	6.923620000000000121e-03
1.125999999999999979e+01	6.240780000000000459e-03
1.127999999999999936e+01	5.308736000000000531e-03
1.130000000000000071e+01	4.240923599999999946e-03
1.132000000000000028e+01	3.208726999999999760e-03
1.133999999999999986e+01	2.331979999999999990e-03
1.135999999999999943e+01	1.629650000000000066e-03
1.138000000000000078e+01	1.075739999999999943e-03
1.140000000000000036e+01	5.986499999999998333e-04
1.141999999999999993e+01	9.703999999999984340e-05
1.143999999999999950e+01	-4.686300000000000448e-04
1.146000000000000085e+01	-1.025172999999999883e-03
1.148000000000000043e+01	-1.483457000000000092e-03
1.150000000000000000e+01	-1.848111999999999845e-03
1.151999999999999957e+01	-2.190553000000000031e-03
1.153999999999999915e+01	-2.594448000000000067e-03
1.156000000000000050e+01	-3.105810599999999852e-03
1.158000000000000007e+01	-3.744394999999999755e-03
1.159999999999999964e+01	-4.510895000000000009e-03
1.161999999999999922e+01	-5.367712000000000178e-03
1.164000000000000057e+01	-6.290815999999999422e-03
1.166000000000000014e+01	-7.272502000000000133e-03
1.167999999999999972e+01	-8.292021000000000114e-03
1.169999999999999929e+01	-9.271719999999998921e-03
1.172000000000000064e+01	-1.004804000000000114e-02
1.174000000000000021e+01	-1.041839999999999954e-02
1.175999999999999979e+01	-1.019668999999999957e-02
1.177999999999999936e+01	-9.298910000000000509e-03
1.180000000000000071e+01	-7.807210000000000191e-03
1.182000000000000028e+01	-5.923190000000000052e-03
1.183999999999999986e+01	-3.878610000000000217e-03
1.185999999999999943e+01	-1.860913999999999971e-03
1.188000000000000078e+01	3.459600000000001910e-05
1.190000000000000036e+01	1.841692000000000025e-03
1.191999999999999993e+01	3.661810000000000152e-03
1.193999999999999950e+01	5.522650000000000475e-03
1.196000000000000085e+01	7.271919999999999426e-03
1.198000000000000043e+01	8.654629999999999962e-03
1.200000000000000000e+01	9.543929999999999081e-03
1.201999999999999957e+01	9.987940000000000706e-03
1.203999999999999915e+01	1.013346000000000038e-02
1.206000000000000050e+01	1.008854999999999995e-02
1.208000000000000007e+01	9.861879999999999952e-03
1.209999999999999964e+01	9.379829999999998724e-03
1.211999999999999922e+01	8.520240000000000105e-03
1.214000000000000057e+01	7.245699999999999884e-03
1.216000000000000014e+01	5.644040000000000341e-03
1.217999999999999972e+01	3.871892000000000042e-03
1.219999999999999929e+01	2.154748000000000167e-03
1.222000000000000064e+01	7.614400000000001636e-04
1.224000000000000021e+01	-1.114599999999998578e-04
1.225999999999999979e+01	-4.494599999999998336e-04
1.227999999999999936e+01	-4.111699999999999817e-04
1.230000000000000071e+01	-1.624899999999999435e-04
1.232000000000000028e+01	2.034699999999998662e-04
1.233999999999999986e+01	6.276099999999999084e-04
1.235999999999999943e+01	1.057516000000000098e-03
1.238000000000000078e+01	1.433526999999999978e-03
1.240000000000000036e+01	1.681673000000000065e-03
1.241999999999999993e+01	1.710240000000000024e-03
1.243999999999999950e+01	1.472090000000000117e-03
1.246000000000000085e+01	9.875000000000000965e-04
1.248000000000000043e+01	3.091999999999999263e-04
1.250000000000000000e+01	-4.896700000000002093e-04
1.251999999999999957e+01	-1.296839999999999625e-03
1.253999999999999915e+01	-1.993420000000000521e-03
1.256000000000000050e+01	-2.529579999999999589e-03
1.258000000000000007e+01	-2.953609999999999743e-03
1.259999999999999964e+01	-3.347569999999999799e-03
1.261999999999999922e+01	-3.764240000000000294e-03
1.264000000000000057e+01	-4.220639999999999462e-03
1.266000000000000014e+01	-4.687039999999999956e-03
1.267999999999999972e+01	-5.089632999999999657e-03
1.269999999999999929e+01	-5.359073700000000461e-03
1.272000000000000064e+01	-5.453315999999999719e-03
1.274000000000000021e+01	-5.341890000000000180e-03
1.275999999999999979e+01	-5.048669999999999894e-03
1.277999999999999936e+01	-4.647679999999999520e-03
1.280000000000000071e+01	-4.204015000000000182e-03
1.282000000000000028e+01	-3.720315999999999988e-03
1.283999999999999986e+01	-3.170790000000000153e-03
1.285999999999999943e+01	-2.561700000000000088e-03
1.288000000000000078e+01	-1.905079999999999968e-03
1.290000000000000036e+01	-1.201500000000000311e-03
1.291999999999999993e+01	-4.196399999999997701e-04
1.293999999999999950e+01	4.893900000000010048e-04
1.296000000000000085e+01	1.548180000000001430e-03
1.298000000000000043e+01	2.702699999999998853e-03
1.300000000000000000e+01	3.838379999999999743e-03
1.301999999999999957e+01	4.847750000000000496e-03
1.303999999999999915e+01	5.667999999999999428e-03
1.306000000000000050e+01	6.276000000000000328e-03
1.308000000000000007e+01	6.670000000000000581e-03
1.309999999999999964e+01	6.866540000000000837e-03
1.311999999999999922e+01	6.875009999999999108e-03
1.314000000000000057e+01	6.702070999999999550e-03
1.316000000000000014e+01	6.379675999999999923e-03
1.317999999999999972e+01	5.948610000000000009e-03
1.319999999999999929e+01	5.390400000000000053e-03
1.322000000000000064e+01	4.636895000000000253e-03
1.324000000000000021e+01	3.688320000000000140e-03
1.325999999999999979e+01	2.673720000000000090e-03
1.327999999999999936e+01	1.732479999999999784e-03
1.330000000000000071e+01	9.100599999999998621e-04
1.332000000000000028e+01	1.986100000000001059e-04
1.333999999999999986e+01	-4.289499999999999910e-04
1.335999999999999943e+01	-1.053090000000000449e-03
1.338000000000000078e+01	-1.757550000000000084e-03
1.340000000000000036e+01	-2.545969999999999830e-03
1.341999999999999993e+01	-3.343990000000000677e-03
1.343999999999999950e+01	-4.057300000000000663e-03
1.346000000000000085e+01	-4.629519999999998948e-03
1.348000000000000043e+01	-5.070310000000000615e-03
1.350000000000000000e+01	-5.468740000000000580e-03
1.351999999999999957e+01	-5.926599999999999750e-03
1.353999999999999915e+01	-6.480149999999999626e-03
1.356000000000000050e+01	-7.078529999999999545e-03
1.358000000000000007e+01	-7.614629999999999836e-03
1.359999999999999964e+01	-7.978424229999999534e-03
1.361999999999999922e+01	-8.102338000000000595e-03
1.364000000000000057e+01	-7.957409999999999831e-03
1.366000000000000014e+01	-7.523740000000000115e-03
1.367999999999999972e+01	-6.807560000000000694e-03
1.369999999999999929e+01	-5.837909999999999974e-03
1.372000000000000064e+01	-4.653650000000000495e-03
1.374000000000000021e+01	-3.299675000000000177e-03
1.375999999999999979e+01	-1.837070000000000109e-03
1.377999999999999936e+01	-3.448999999999999809e-04
1.380000000000000071e+01	1.118969999999999947e-03
1.382000000000000028e+01	2.527599999999999639e-03
1.383999999999999986e+01	3.867649999999999821e-03
1.385999999999999943e+01	5.115740000000000565e-03
1.388000000000000078e+01	6.222484999999999822e-03
1.390000000000000036e+01	7.114609000000000037e-03
1.391999999999999993e+01	7.711020999999999327e-03
1.393999999999999950e+01	7.993256000000000666e-03
1.396000000000000085e+01	8.014904999999999252e-03
1.398000000000000043e+01	7.831701999999999414e-03
1.400000000000000000e+01	7.489758400000000142e-03
1.401999999999999957e+01	7.025113000000000364e-03
1.403999999999999915e+01	6.462086000000000566e-03
1.406000000000000050e+01	5.822271999999999864e-03
1.408000000000000007e+01	5.118390000000000439e-03
1.409999999999999964e+01	4.362960000000000796e-03
1.411999999999999922e+01	3.567410000000000025e-03
1.414000000000000057e+01	2.741889999999999866e-03
1.416000000000000014e+01	1.907320000000000109e-03
1.417999999999999972e+01	1.084459999999999764e-03
1.419999999999999929e+01	2.825200000000000801e-04
1.422000000000000064e+01	-5.029300000000001738e-04
1.424000000000000021e+01	-1.299662999999999947e-03
1.425999999999999979e+01	-2.127870000000000022e-03
1.427999999999999936e+01	-2.994849999999999856e-03
1.430000000000000071e+01	-3.915019999999999958e-03
1.432000000000000028e+01	-4.886961999999999903e-03
1.433999999999999986e+01	-5.880236999999999964e-03
1.435999999999999943e+01	-6.850926000000000238e-03
1.438000000000000078e+01	-7.752316999999999889e-03
1.440000000000000036e+01	-8.519609000000000903e-03
1.441999999999999993e+01	-9.082419999999999036e-03
1.443999999999999950e+01	-9.388920000000000252e-03
1.446000000000000085e+01	-9.401900000000001228e-03
1.448000000000000043e+01	-9.108190000000000383e-03
1.450000000000000000e+01	-8.521110000000000143e-03
1.451999999999999957e+01	-7.668910000000000136e-03
1.453999999999999915e+01	-6.589639999999999907e-03
1.456000000000000050e+01	-5.340039999999999891e-03
1.458000000000000007e+01	-3.972286000000000220e-03
1.459999999999999964e+01	-2.526233000000000124e-03
1.461999999999999922e+01	-1.048780999999999932e-03
1.464000000000000057e+01	3.925990000000000404e-04
1.466000000000000014e+01	1.760711999999999998e-03
1.467999999999999972e+01	3.077865099999999975e-03
1.469999999999999929e+01	4.378474999999999728e-03
1.472000000000000064e+01	5.680537000000000260e-03
1.474000000000000021e+01	6.969943999999999619e-03
1.475999999999999979e+01	8.191310000000000258e-03
1.477999999999999936e+01	9.273670000000001218e-03
1.480000000000000071e+01	1.017296999999999993e-02
1.482000000000000028e+01	1.085561000000000165e-02
1.483999999999999986e+01	1.126011999999999846e-02
1.485999999999999943e+01	1.130201000000000122e-02
1.488000000000000078e+01	1.096980000000000004e-02
1.490000000000000036e+01	1.033264000000000057e-02
1.491999999999999993e+01	9.474159999999998832e-03
1.493999999999999950e+01	8.444890000000000035e-03
1.496000000000000085e+01	7.291979999999999990e-03
1.498000000000000043e+01	6.085789999999999776e-03
1.500000000000000000e+01	4.872859999999999692e-03
1.501999999999999957e+01	3.665680000000000154e-03
1.503999999999999915e+01	2.474847899999999944e-03
1.506000000000000050e+01	1.306389999999999938e-03
1.508000000000000007e+01	1.362399999999997120e-04
1.509999999999999964e+01	-1.055200000000000062e-03
1.511999999999999922e+01	-2.241910000000000604e-03
1.514000000000000057e+01	-3.368959999999999837e-03
1.516000000000000014e+01	-4.403250000000000046e-03
1.517999999999999972e+01	-5.318294000000000320e-03
1.519999999999999929e+01	-6.070449999999999804e-03
1.522000000000000064e+01	-6.632195300000000120e-03
1.524000000000000021e+01	-7.011182999999999825e-03
1.525999999999999979e+01	-7.240504000000000037e-03
1.527999999999999936e+01	-7.349990000000000689e-03
1.530000000000000071e+01	-7.366989999999999476e-03
1.532000000000000028e+01	-7.317570000000000671e-03
1.533999999999999986e+01	-7.186510000000000120e-03
1.535999999999999943e+01	-6.934370000000000464e-03
1.538000000000000078e+01	-6.538119999999999696e-03
1.540000000000000036e+01	-6.022200000000000122e-03
1.541999999999999993e+01	-5.443279999999999993e-03
1.543999999999999950e+01	-4.870479999999999948e-03
1.546000000000000085e+01	-4.349969999999999878e-03
1.548000000000000043e+01	-3.878956999999999718e-03
1.550000000000000000e+01	-3.441749000000000024e-03
1.551999999999999957e+01	-2.981719999999999770e-03
1.553999999999999915e+01	-2.396329999999999901e-03
1.556000000000000050e+01	-1.579239999999999984e-03
1.558000000000000007e+01	-4.697199999999998599e-04
1.559999999999999964e+01	9.195899999999996438e-04
1.561999999999999922e+01	2.527389999999999585e-03
1.564000000000000057e+01	4.258899999999999492e-03
1.566000000000000014e+01	5.983569999999999688e-03
1.567999999999999972e+01	7.557851000000000846e-03
1.569999999999999929e+01	8.866948999999998970e-03
1.572000000000000064e+01	9.831039999999999224e-03
1.574000000000000021e+01	1.037129999999999996e-02
1.575999999999999979e+01	1.040026999999999965e-02
1.577999999999999936e+01	9.903779999999999181e-03
1.580000000000000071e+01	8.966349999999999668e-03
1.582000000000000028e+01	7.701289999999999525e-03
1.583999999999999986e+01	6.220190000000000441e-03
1.585999999999999943e+01	4.644559999999999834e-03
1.588000000000000078e+01	3.090459999999999735e-03
1.590000000000000036e+01	1.621948399999999929e-03
1.591999999999999993e+01	2.631299999999998744e-04
1.593999999999999950e+01	-9.820999999999998568e-04
1.596000000000000085e+01	-2.142929999999999488e-03
1.598000000000000043e+01	-3.240120000000000413e-03
1.600000000000000000e+01	-4.261871000000000409e-03
1.601999999999999957e+01	-5.202006000000000338e-03
1.603999999999999915e+01	-6.067868000000000567e-03
1.605999999999999872e+01	-6.855099999999999388e-03
1.607999999999999829e+01	-7.537964000000000296e-03
1.610000000000000142e+01	-8.062038500000000274e-03
1.612000000000000099e+01	-8.360117299999999044e-03
1.614000000000000057e+01	-8.389836230000001158e-03
1.616000000000000014e+01	-8.143765000000000726e-03
1.617999999999999972e+01	-7.646460000000000756e-03
1.619999999999999929e+01	-6.947187999999999974e-03
1.621999999999999886e+01	-6.106582999999999629e-03
1.623999999999999844e+01	-5.167419999999999826e-03
1.626000000000000156e+01	-4.156639999999999641e-03
1.628000000000000114e+01	-3.103530000000000177e-03
1.630000000000000071e+01	-2.054549999999999606e-03
1.632000000000000028e+01	-1.048900000000000179e-03
1.633999999999999986e+01	-1.047599999999997492e-04
1.635999999999999943e+01	7.435299999999996252e-04
1.637999999999999901e+01	1.461450000000000205e-03
1.639999999999999858e+01	2.054481000000000362e-03
1.642000000000000171e+01	2.543123999999999905e-03
1.644000000000000128e+01	2.907782000000000248e-03
1.646000000000000085e+01	3.124960000000000411e-03
1.648000000000000043e+01	3.213180000000000376e-03
1.650000000000000000e+01	3.225950999999999905e-03
1.651999999999999957e+01	3.236531999999999864e-03
1.653999999999999915e+01	3.300298000000000120e-03
1.655999999999999872e+01	3.441969999999999492e-03
1.657999999999999829e+01	3.674720000000000243e-03
1.660000000000000142e+01	3.988959999999999728e-03
1.662000000000000099e+01	4.358950000000000324e-03
1.664000000000000057e+01	4.732669999999999585e-03
1.666000000000000014e+01	5.019929999999999705e-03
1.667999999999999972e+01	5.138900000000000065e-03
1.669999999999999929e+01	5.060999999999999527e-03
1.671999999999999886e+01	4.816779999999999673e-03
1.673999999999999844e+01	4.448049999999999400e-03
1.676000000000000156e+01	3.971650000000000180e-03
1.678000000000000114e+01	3.386870000000000158e-03
1.680000000000000071e+01	2.689639999999999653e-03
1.682000000000000028e+01	1.884910000000000491e-03
1.683999999999999986e+01	1.008640000000000318e-03
1.685999999999999943e+01	9.905000000000004946e-05
1.687999999999999901e+01	-8.203119999999999076e-04
1.689999999999999858e+01	-1.745754999999999876e-03
1.692000000000000171e+01	-2.673880000000000007e-03
1.694000000000000128e+01	-3.571519999999999903e-03
1.696000000000000085e+01	-4.400048000000000153e-03
1.698000000000000043e+01	-5.125798999999999460e-03
1.700000000000000000e+01	-5.720775999999999466e-03
1.701999999999999957e+01	-6.155258999999999731e-03
1.703999999999999915e+01	-6.390999999999999980e-03
1.705999999999999872e+01	-6.394630000000000106e-03
1.707999999999999829e+01	-6.143754999999999876e-03
1.710000000000000142e+01	-5.633584999999999982e-03
1.712000000000000099e+01	-4.882958100000000211e-03
1.714000000000000057e+01	-3.923376000000000120e-03
1.716000000000000014e+01	-2.815428000000000028e-03
1.717999999999999972e+01	-1.654489999999999997e-03
1.719999999999999929e+01	-5.268600000000000887e-04
1.721999999999999886e+01	4.881200000000000903e-04
1.723999999999999844e+01	1.319270999999999899e-03
1.726000000000000156e+01	1.931872000000000060e-03
1.728000000000000114e+01	2.329050999999999951e-03
1.730000000000000071e+01	2.542029999999999811e-03
1.732000000000000028e+01	2.615651999999999994e-03
1.733999999999999986e+01	2.603915000000000049e-03
1.735999999999999943e+01	2.570055999999999816e-03
1.737999999999999901e+01	2.577073000000000037e-03
1.739999999999999858e+01	2.662817999999999956e-03
1.742000000000000171e+01	2.817000000000000060e-03
1.744000000000000128e+01	3.012529999999999375e-03
1.746000000000000085e+01	3.230860000000000329e-03
1.748000000000000043e+01	3.455140000000000208e-03
1.750000000000000000e+01	3.673579999999999641e-03
1.751999999999999957e+01	3.878890999999999763e-03
1.753999999999999915e+01	4.060195999999999424e-03
1.755999999999999872e+01	4.203485999999999334e-03
1.757999999999999829e+01	4.311743999999999299e-03
1.760000000000000142e+01	4.382360000000000075e-03
1.762000000000000099e+01	4.403459999999999666e-03
1.764000000000000057e+01	4.365459999999999827e-03
1.766000000000000014e+01	4.240380000000000191e-03
1.767999999999999972e+01	3.981110000000000378e-03
1.769999999999999929e+01	3.534550000000000018e-03
1.771999999999999886e+01	2.876949000000000173e-03
1.773999999999999844e+01	2.042747000000000139e-03
1.776000000000000156e+01	1.107279999999999766e-03
1.778000000000000114e+01	1.416200000000000705e-04
1.780000000000000071e+01	-7.978999999999998247e-04
1.782000000000000028e+01	-1.665359999999999844e-03
1.783999999999999986e+01	-2.432880000000000112e-03
1.785999999999999943e+01	-3.101870000000000495e-03
1.787999999999999901e+01	-3.679870000000000016e-03
1.789999999999999858e+01	-4.163969000000000004e-03
1.792000000000000171e+01	-4.558585999999999888e-03
1.794000000000000128e+01	-4.883973700000000459e-03
1.796000000000000085e+01	-5.158262999999999737e-03
1.798000000000000043e+01	-5.378149999999999945e-03
1.800000000000000000e+01	-5.514827999999999397e-03
1.801999999999999957e+01	-5.514777000000000221e-03
1.803999999999999915e+01	-5.342529999999999848e-03
1.805999999999999872e+01	-4.991419999999999885e-03
1.807999999999999829e+01	-4.454400000000000720e-03
1.810000000000000142e+01	-3.732881999999999867e-03
1.812000000000000099e+01	-2.875640999999999961e-03
1.814000000000000057e+01	-1.964164000000000014e-03
1.816000000000000014e+01	-1.067073999999999887e-03
1.817999999999999972e+01	-2.240756999999999797e-04
1.819999999999999929e+01	5.393069999999999375e-04
1.821999999999999886e+01	1.192738999999999952e-03
1.823999999999999844e+01	1.698911999999999905e-03
1.826000000000000156e+01	2.037788999999999920e-03
1.828000000000000114e+01	2.216141999999999938e-03
1.830000000000000071e+01	2.263405000000000018e-03
1.832000000000000028e+01	2.220042000000000196e-03
1.833999999999999986e+01	2.131658099999999851e-03
1.835999999999999943e+01	2.039689999999999819e-03
1.837999999999999901e+01	1.963384999999999783e-03
1.839999999999999858e+01	1.905062000000000118e-03
1.842000000000000171e+01	1.847844000000000179e-03
1.844000000000000128e+01	1.765102000000000164e-03
1.846000000000000085e+01	1.660133999999999742e-03
1.848000000000000043e+01	1.559055999999999853e-03
1.850000000000000000e+01	1.482213999999999927e-03
1.851999999999999957e+01	1.435188000000000002e-03
1.853999999999999915e+01	1.406291399999999971e-03
1.855999999999999872e+01	1.364828999999999912e-03
1.857999999999999829e+01	1.263208999999999946e-03
1.860000000000000142e+01	1.057021999999999910e-03
1.862000000000000099e+01	7.134240000000000460e-04
1.864000000000000057e+01	2.197129999999999613e-04
1.866000000000000014e+01	-4.131259999999999880e-04
1.867999999999999972e+01	-1.144001999999999866e-03
1.869999999999999929e+01	-1.921182949999999902e-03
1.871999999999999886e+01	-2.702320999999999716e-03
1.873999999999999844e+01	-3.438296000000000407e-03
1.876000000000000156e+01	-4.077146000000000242e-03
1.878000000000000114e+01	-4.574543999999999833e-03
1.880000000000000071e+01	-4.909860000000000266e-03
1.882000000000000028e+01	-5.085700000000000290e-03
1.883999999999999986e+01	-5.123549999999999285e-03
1.885999999999999943e+01	-5.048239999999999846e-03
1.887999999999999901e+01	-4.867259999999999989e-03
1.889999999999999858e+01	-4.578930000000000153e-03
1.892000000000000171e+01	-4.188339999999999598e-03
1.894000000000000128e+01	-3.698529999999999787e-03
1.896000000000000085e+01	-3.108740000000000028e-03
1.898000000000000043e+01	-2.427729999999999905e-03
1.900000000000000000e+01	-1.671108000000000142e-03
1.901999999999999957e+01	-8.575920000000000114e-04
1.903999999999999915e+01	-7.625999999999997798e-06
1.905999999999999872e+01	8.559669999999999042e-04
1.907999999999999829e+01	1.704877000000000042e-03
1.910000000000000142e+01	2.507914999999999884e-03
1.912000000000000099e+01	3.238707999999999865e-03
1.914000000000000057e+01	3.873823999999999670e-03
1.916000000000000014e+01	4.393479999999999955e-03
1.917999999999999972e+01	4.784550000000000261e-03
1.919999999999999929e+01	5.043580000000000632e-03
1.921999999999999886e+01	5.175360000000000377e-03
1.923999999999999844e+01	5.188049999999999606e-03
1.926000000000000156e+01	5.095070000000000154e-03
1.928000000000000114e+01	4.915609999999999945e-03
1.930000000000000071e+01	4.667300000000000094e-03
1.932000000000000028e+01	4.361729999999999427e-03
1.933999999999999986e+01	4.007250000000000395e-03
1.935999999999999943e+01	3.608339999999999811e-03
1.937999999999999901e+01	3.167660000000000094e-03
1.939999999999999858e+01	2.690686000000000293e-03
1.942000000000000171e+01	2.188658000000000010e-03
1.944000000000000128e+01	1.675891000000000099e-03
1.946000000000000085e+01	1.169359000000000023e-03
1.948000000000000043e+01	6.854850000000000006e-04
1.950000000000000000e+01	2.367149999999999723e-04
1.951999999999999957e+01	-1.681970000000000296e-04
1.953999999999999915e+01	-5.243990000000000457e-04
1.955999999999999872e+01	-8.313871000000000889e-04
1.957999999999999829e+01	-1.092747600000000020e-03
1.960000000000000142e+01	-1.313763400000000046e-03
1.962000000000000099e+01	-1.499854899999999991e-03
1.964000000000000057e+01	-1.656208900000000032e-03
1.966000000000000014e+01	-1.784961999999999964e-03
1.967999999999999972e+01	-1.885190000000000130e-03
1.969999999999999929e+01	-1.955169000000000091e-03
1.971999999999999886e+01	-1.993077000000000217e-03
1.973999999999999844e+01	-1.997145999999999991e-03
1.976000000000000156e+01	-1.965169199999999752e-03
1.978000000000000114e+01	-1.894817600000000017e-03
1.980000000000000071e+01	-1.784207799999999950e-03
1.982000000000000028e+01	-1.632138399999999911e-03
1.983999999999999986e+01	-1.437845099999999912e-03
1.985999999999999943e+01	-1.201622179999999995e-03
1.987999999999999901e+01	-9.251548700000000736e-04
1.989999999999999858e+01	-6.117773000000000828e-04
1.992000000000000171e+01	-2.665904000000000082e-04
1.994000000000000128e+01	1.033763999999999950e-04
1.996000000000000085e+01	4.891058000000000428e-04
1.998000000000000043e+01	8.798868000000000271e-04
2.000000000000000000e+01	1.264067499999999965e-03
