0.000000000000000000e+00	0.000000000000000000e+00
2.000000000000000042e-02	9.706900064408800541e-07
4.000000000000000083e-02	-3.600059881199999834e-06
5.999999999999999778e-02	6.638159451959999831e-06
8.000000000000000167e-02	3.351879837355000298e-05
1.000000000000000056e-01	3.962150191695999898e-05
1.199999999999999956e-01	2.373270805178999914e-05
1.400000000000000133e-01	-1.289459815746000088e-05
1.600000000000000033e-01	-7.407931750040000138e-05
1.799999999999999933e-01	-1.456810216705999830e-04
2.000000000000000111e-01	-2.168799936886799866e-04
2.200000000000000011e-01	-2.999829791504999535e-04
2.399999999999999911e-01	-3.946600626121000402e-04
2.600000000000000089e-01	-4.747092411729999985e-04
2.800000000000000266e-01	-5.667423048119999297e-04
2.999999999999999889e-01	-7.149439343188000642e-04
3.200000000000000067e-01	-8.525860457189999957e-04
3.400000000000000244e-01	-9.783109868800000594e-04
3.599999999999999867e-01	-1.129077109559999993e-03
3.800000000000000044e-01	-1.275455795060000033e-03
4.000000000000000222e-01	-1.392361927670000008e-03
4.199999999999999845e-01	-1.480773712000000089e-03
4.400000000000000022e-01	-1.558135767800000000e-03
4.600000000000000200e-01	-1.604149535100000143e-03
4.799999999999999822e-01	-1.585844173700000012e-03
5.000000000000000000e-01	-1.469319804000000004e-03
5.200000000000000178e-01	-1.269422450000000022e-03
5.400000000000000355e-01	-1.046421470000000143e-03
5.600000000000000533e-01	-8.781725000000000425e-04
5.799999999999999600e-01	-7.712065000000000370e-04
5.999999999999999778e-01	-7.370019299999999024e-04
6.199999999999999956e-01	-7.029331699999999579e-04
6.400000000000000133e-01	-6.477682000000000231e-04
6.600000000000000311e-01	-5.399546600000000064e-04
6.800000000000000488e-01	-3.070596000000000306e-04
6.999999999999999556e-01	-5.861720000000000520e-05
7.199999999999999734e-01	1.872541999999999935e-04
7.399999999999999911e-01	3.879549999999999947e-04
7.600000000000000089e-01	5.117060000000000098e-04
7.800000000000000266e-01	5.721619999999999744e-04
8.000000000000000444e-01	6.196780000000000257e-04
8.199999999999999512e-01	6.707969999999999948e-04
8.399999999999999689e-01	7.075146000000000039e-04
8.599999999999999867e-01	6.949620000000000320e-04
8.800000000000000044e-01	6.918379999999999582e-04
9.000000000000000222e-01	7.141009999999998635e-04
9.200000000000000400e-01	7.803920000000000865e-04
9.399999999999999467e-01	8.964399999999999756e-04
9.599999999999999645e-01	9.386950000000000242e-04
9.799999999999999822e-01	1.034849999999999919e-03
1.000000000000000000e+00	1.158979999999999993e-03
1.020000000000000018e+00	1.216089999999999966e-03
1.040000000000000036e+00	1.224370000000000232e-03
1.060000000000000053e+00	1.278839999999999838e-03
1.080000000000000071e+00	1.303410000000000072e-03
1.100000000000000089e+00	1.258610000000000067e-03
1.120000000000000107e+00	1.234979999999999889e-03
1.139999999999999902e+00	1.369960000000000145e-03
1.159999999999999920e+00	1.534150000000000184e-03
1.179999999999999938e+00	1.573170000000000037e-03
1.199999999999999956e+00	1.647579999999999835e-03
1.219999999999999973e+00	1.839980999999999865e-03
1.239999999999999991e+00	2.116934000000000003e-03
1.260000000000000009e+00	2.213296999999999921e-03
1.280000000000000027e+00	2.113895000000000184e-03
1.300000000000000044e+00	1.880780999999999989e-03
1.320000000000000062e+00	1.577477999999999997e-03
1.340000000000000080e+00	1.355278000000000125e-03
1.360000000000000098e+00	1.183248999999999933e-03
1.379999999999999893e+00	1.066803299999999951e-03
1.399999999999999911e+00	1.035260500000000040e-03
1.419999999999999929e+00	1.071368000000000060e-03
1.439999999999999947e+00	1.116671999999999977e-03
1.459999999999999964e+00	1.121217000000000090e-03
1.479999999999999982e+00	1.234479999999999822e-03
1.500000000000000000e+00	1.432534200000000132e-03
1.520000000000000018e+00	1.591441999999999987e-03
1.540000000000000036e+00	1.774432000000000049e-03
1.560000000000000053e+00	2.006340000000000120e-03
1.580000000000000071e+00	2.230155000000000158e-03
1.600000000000000089e+00	2.456339999999999999e-03
1.620000000000000107e+00	2.657230000000000009e-03
1.639999999999999902e+00	2.879020000000000364e-03
1.659999999999999920e+00	3.143579999999999985e-03
1.679999999999999938e+00	3.387429999999999868e-03
1.699999999999999956e+00	3.607939999999999585e-03
1.719999999999999973e+00	3.684859999999999872e-03
1.739999999999999991e+00	3.512480000000000116e-03
1.760000000000000009e+00	3.159340000000000065e-03
1.780000000000000027e+00	2.723170999999999925e-03
1.800000000000000044e+00	2.271025999999999774e-03
1.820000000000000062e+00	1.815967000000000145e-03
1.840000000000000080e+00	1.306747000000000030e-03
1.860000000000000098e+00	7.730249999999999925e-04
1.879999999999999893e+00	3.177540000000000074e-04
1.899999999999999911e+00	-5.765800000000003648e-05
1.919999999999999929e+00	-4.339480000000000811e-04
1.939999999999999947e+00	-8.775400000000000041e-04
1.959999999999999964e+00	-1.493709999999999873e-03
1.979999999999999982e+00	-2.310693099999999982e-03
2.000000000000000000e+00	-3.248489000000000237e-03
2.020000000000000018e+00	-4.285640000000000283e-03
2.040000000000000036e+00	-5.321160000000000126e-03
2.060000000000000053e+00	-6.229610000000000009e-03
2.080000000000000071e+00	-6.820309999999999567e-03
2.100000000000000089e+00	-7.134190000000000323e-03
2.120000000000000107e+00	-7.460269999999999749e-03
2.140000000000000124e+00	-7.843730000000000147e-03
2.160000000000000142e+00	-8.290850000000000650e-03
2.180000000000000160e+00	-8.736040000000000472e-03
2.200000000000000178e+00	-9.122720000000000828e-03
2.220000000000000195e+00	-9.606830000000000230e-03
2.240000000000000213e+00	-1.028033000000000072e-02
2.259999999999999787e+00	-1.106678999999999996e-02
2.279999999999999805e+00	-1.173247000000000005e-02
2.299999999999999822e+00	-1.228212000000000054e-02
2.319999999999999840e+00	-1.281461999999999879e-02
2.339999999999999858e+00	-1.325148999999999945e-02
2.359999999999999876e+00	-1.357629000000000127e-02
2.379999999999999893e+00	-1.384506999999999925e-02
2.399999999999999911e+00	-1.392968999999999978e-02
2.419999999999999929e+00	-1.361493000000000078e-02
2.439999999999999947e+00	-1.281212999999999970e-02
2.459999999999999964e+00	-1.138063999999999916e-02
2.479999999999999982e+00	-9.484710000000000363e-03
2.500000000000000000e+00	-7.246159999999999754e-03
2.520000000000000018e+00	-4.774050000000000168e-03
2.540000000000000036e+00	-2.083215600000000011e-03
2.560000000000000053e+00	7.207699999999999177e-04
2.580000000000000071e+00	3.431769999999999786e-03
2.600000000000000089e+00	6.094185999999999701e-03
2.620000000000000107e+00	8.641349999999999032e-03
2.640000000000000124e+00	1.098687999999999922e-02
2.660000000000000142e+00	1.308524999999999966e-02
2.680000000000000160e+00	1.475664000000000142e-02
2.700000000000000178e+00	1.569158000000000011e-02
2.720000000000000195e+00	1.606988999999999987e-02
2.740000000000000213e+00	1.624514000000000166e-02
2.759999999999999787e+00	1.656433000000000211e-02
2.779999999999999805e+00	1.707030999999999826e-02
2.799999999999999822e+00	1.757370999999999933e-02
2.819999999999999840e+00	1.783283999999999911e-02
2.839999999999999858e+00	1.773960000000000120e-02
2.859999999999999876e+00	1.774623999999999993e-02
2.879999999999999893e+00	1.811025000000000135e-02
2.899999999999999911e+00	1.849164000000000016e-02
2.919999999999999929e+00	1.858225999999999975e-02
2.939999999999999947e+00	1.852436999999999834e-02
2.959999999999999964e+00	1.811363000000000209e-02
2.979999999999999982e+00	1.711962800000000132e-02
3.000000000000000000e+00	1.555667999999999808e-02
3.020000000000000018e+00	1.350727999999999998e-02
3.040000000000000036e+00	1.104344999999999979e-02
3.060000000000000053e+00	8.049390000000000017e-03
3.080000000000000071e+00	4.695279999999999593e-03
3.100000000000000089e+00	1.560399999999999981e-03
3.120000000000000107e+00	-8.920999999999998376e-04
3.140000000000000124e+00	-2.552529999999999903e-03
3.160000000000000142e+00	-3.267619999999999726e-03
3.180000000000000160e+00	-3.057419999999999929e-03
3.200000000000000178e+00	-2.777390000000000241e-03
3.220000000000000195e+00	-3.227819999999999735e-03
3.240000000000000213e+00	-4.360340000000000743e-03
3.259999999999999787e+00	-6.246650000000000293e-03
3.279999999999999805e+00	-8.662229999999999930e-03
3.299999999999999822e+00	-1.093585000000000043e-02
3.319999999999999840e+00	-1.249541000000000020e-02
3.339999999999999858e+00	-1.289800999999999795e-02
3.359999999999999876e+00	-1.267882999999999857e-02
3.379999999999999893e+00	-1.259725000000000081e-02
3.399999999999999911e+00	-1.305649000000000046e-02
3.419999999999999929e+00	-1.442053999999999905e-02
3.439999999999999947e+00	-1.652661000000000061e-02
3.459999999999999964e+00	-1.848645999999999970e-02
3.479999999999999982e+00	-1.925901000000000002e-02
3.500000000000000000e+00	-1.847926999999999903e-02
3.520000000000000018e+00	-1.637873000000000107e-02
3.540000000000000036e+00	-1.335965999999999890e-02
3.560000000000000053e+00	-9.550980000000000580e-03
3.580000000000000071e+00	-5.133269999999999673e-03
3.600000000000000089e+00	-4.640980999999999536e-04
3.620000000000000107e+00	4.364810000000000217e-03
3.640000000000000124e+00	8.980639999999999804e-03
3.660000000000000142e+00	1.261086999999999972e-02
3.680000000000000160e+00	1.499229000000000013e-02
3.700000000000000178e+00	1.639675000000000160e-02
3.720000000000000195e+00	1.691059999999999786e-02
3.740000000000000213e+00	1.661386999999999933e-02
3.759999999999999787e+00	1.553568999999999957e-02
3.779999999999999805e+00	1.353156210000000005e-02
3.799999999999999822e+00	1.059089999999999858e-02
3.819999999999999840e+00	7.079070000000000674e-03
3.839999999999999858e+00	3.600790000000000414e-03
3.859999999999999876e+00	5.279900000000007504e-04
3.879999999999999893e+00	-1.813229999999999877e-03
3.899999999999999911e+00	-3.251517000000000209e-03
3.919999999999999929e+00	-4.268160000000000009e-03
3.939999999999999947e+00	-5.348145999999999803e-03
3.959999999999999964e+00	-6.316893999999999981e-03
3.979999999999999982e+00	-6.658239999999999298e-03
4.000000000000000000e+00	-6.254149999999999987e-03
4.019999999999999574e+00	-5.497499999999999783e-03
4.040000000000000036e+00	-4.748380000000000829e-03
4.059999999999999609e+00	-4.117110000000000214e-03
4.080000000000000071e+00	-3.784820000000000371e-03
4.099999999999999645e+00	-4.172810000000000755e-03
4.120000000000000107e+00	-5.473140000000000470e-03
4.139999999999999680e+00	-7.399100000000000468e-03
4.160000000000000142e+00	-9.520069999999998533e-03
4.179999999999999716e+00	-1.162888999999999937e-02
4.200000000000000178e+00	-1.351660999999999835e-02
4.219999999999999751e+00	-1.492341999999999974e-02
4.240000000000000213e+00	-1.572571000000000038e-02
4.259999999999999787e+00	-1.606391999999999889e-02
4.280000000000000249e+00	-1.621339000000000113e-02
4.299999999999999822e+00	-1.616574000000000136e-02
4.320000000000000284e+00	-1.584152000000000129e-02
4.339999999999999858e+00	-1.527418999999999999e-02
4.360000000000000320e+00	-1.437671999999999908e-02
4.379999999999999893e+00	-1.292841999999999950e-02
4.400000000000000355e+00	-1.100868999999999980e-02
4.419999999999999929e+00	-9.045030000000000778e-03
4.440000000000000391e+00	-7.301039999999999960e-03
4.459999999999999964e+00	-5.778520000000000531e-03
4.480000000000000426e+00	-4.147559999999999789e-03
4.500000000000000000e+00	-1.799960000000000188e-03
4.519999999999999574e+00	1.527379999999999623e-03
4.540000000000000036e+00	5.599449999999999740e-03
4.559999999999999609e+00	1.004639000000000053e-02
4.580000000000000071e+00	1.446389000000000008e-02
4.599999999999999645e+00	1.842739000000000182e-02
4.620000000000000107e+00	2.134213999999999903e-02
4.639999999999999680e+00	2.268686000000000313e-02
4.660000000000000142e+00	2.251900000000000082e-02
4.679999999999999716e+00	2.145009999999999972e-02
4.700000000000000178e+00	2.032300000000000079e-02
4.719999999999999751e+00	1.971905000000000185e-02
4.740000000000000213e+00	1.961108999999999769e-02
4.759999999999999787e+00	1.971523000000000025e-02
4.780000000000000249e+00	1.984452999999999911e-02
4.799999999999999822e+00	1.971952999999999900e-02
4.820000000000000284e+00	1.900711999999999888e-02
4.839999999999999858e+00	1.749463000000000060e-02
4.860000000000000320e+00	1.523514000000000118e-02
4.879999999999999893e+00	1.251920999999999937e-02
4.900000000000000355e+00	9.810980999999999869e-03
4.919999999999999929e+00	7.453555000000000597e-03
4.940000000000000391e+00	5.398559999999999297e-03
4.959999999999999964e+00	3.523850000000000246e-03
4.980000000000000426e+00	1.768140000000000076e-03
5.000000000000000000e+00	-6.318999999999986086e-05
5.019999999999999574e+00	-2.091179999999999775e-03
5.040000000000000036e+00	-4.182929999999999635e-03
5.059999999999999609e+00	-6.099418000000000548e-03
5.080000000000000071e+00	-7.683773000000000512e-03
5.099999999999999645e+00	-9.018739999999999049e-03
5.120000000000000107e+00	-1.033662000000000122e-02
5.139999999999999680e+00	-1.167301000000000102e-02
5.160000000000000142e+00	-1.273602999999999888e-02
5.179999999999999716e+00	-1.331601999999999959e-02
5.200000000000000178e+00	-1.353000999999999857e-02
5.219999999999999751e+00	-1.359793999999999933e-02
5.240000000000000213e+00	-1.367488000000000037e-02
5.259999999999999787e+00	-1.388263300000000013e-02
5.280000000000000249e+00	-1.434743800000000055e-02
5.299999999999999822e+00	-1.512637900000000056e-02
5.320000000000000284e+00	-1.606366700000000022e-02
5.339999999999999858e+00	-1.676409000000000232e-02
5.360000000000000320e+00	-1.691219000000000056e-02
5.379999999999999893e+00	-1.646811000000000108e-02
5.400000000000000355e+00	-1.542449000000000077e-02
5.419999999999999929e+00	-1.367786000000000002e-02
5.440000000000000391e+00	-1.129586999999999952e-02
5.459999999999999964e+00	-8.602460699999999946e-03
5.480000000000000426e+00	-5.946362000000000175e-03
5.500000000000000000e+00	-3.580589000000000341e-03
5.519999999999999574e+00	-1.570166000000000010e-03
5.540000000000000036e+00	2.234599999999999781e-04
5.559999999999999609e+00	2.023260000000000249e-03
5.580000000000000071e+00	3.977040000000000262e-03
5.599999999999999645e+00	6.130389999999999451e-03
5.620000000000000107e+00	8.540360000000000312e-03
5.639999999999999680e+00	1.127683999999999978e-02
5.660000000000000142e+00	1.423675000000000114e-02
5.679999999999999716e+00	1.706154099999999951e-02
5.700000000000000178e+00	1.934415999999999913e-02
5.719999999999999751e+00	2.081453999999999943e-02
5.740000000000000213e+00	2.131890999999999994e-02
5.759999999999999787e+00	2.079763000000000098e-02
5.780000000000000249e+00	1.932278000000000120e-02
5.799999999999999822e+00	1.706409999999999871e-02
5.820000000000000284e+00	1.430542999999999919e-02
5.839999999999999858e+00	1.139348000000000097e-02
5.860000000000000320e+00	8.672219000000000108e-03
5.879999999999999893e+00	6.441007000000000329e-03
5.900000000000000355e+00	4.835067000000000184e-03
5.919999999999999929e+00	3.651750000000000048e-03
5.940000000000000391e+00	2.516483199999999983e-03
5.959999999999999964e+00	1.235980000000000021e-03
5.980000000000000426e+00	-1.550200000000000709e-04
6.000000000000000000e+00	-1.486609999999999755e-03
6.019999999999999574e+00	-2.716619999999999886e-03
6.040000000000000036e+00	-3.895020000000000340e-03
6.059999999999999609e+00	-4.964999999999999795e-03
6.080000000000000071e+00	-5.754930000000000115e-03
6.099999999999999645e+00	-6.164605000000000085e-03
6.120000000000000107e+00	-6.264099000000000403e-03
6.139999999999999680e+00	-6.222342999999999971e-03
6.160000000000000142e+00	-6.128579799999999723e-03
6.179999999999999716e+00	-5.893922999999999697e-03
6.200000000000000178e+00	-5.443268999999999712e-03
6.219999999999999751e+00	-4.819030000000000188e-03
6.240000000000000213e+00	-4.076348199999999672e-03
6.259999999999999787e+00	-3.254548999999999810e-03
6.280000000000000249e+00	-2.421460000000000279e-03
6.299999999999999822e+00	-1.637070000000000018e-03
6.320000000000000284e+00	-9.572000000000000647e-04
6.339999999999999858e+00	-4.143599999999999020e-04
6.360000000000000320e+00	-4.787999999999971099e-05
6.379999999999999893e+00	7.592000000000015403e-05
6.400000000000000355e+00	-1.434000000000027267e-05
6.419999999999999929e+00	-1.734900000000001025e-04
6.440000000000000391e+00	-2.721500000000000828e-04
6.459999999999999964e+00	-2.662299999999998956e-04
6.480000000000000426e+00	-1.448900000000000578e-04
6.500000000000000000e+00	1.410304000000000245e-04
6.519999999999999574e+00	5.818119999999999108e-04
6.540000000000000036e+00	1.019399000000000043e-03
6.559999999999999609e+00	1.318589999999999910e-03
6.580000000000000071e+00	1.419210000000000176e-03
6.599999999999999645e+00	1.316120000000000050e-03
6.620000000000000107e+00	1.179550000000000130e-03
6.639999999999999680e+00	1.155879999999999755e-03
6.660000000000000142e+00	1.330920000000000193e-03
6.679999999999999716e+00	1.634950000000000465e-03
6.700000000000000178e+00	1.849979999999999767e-03
6.719999999999999751e+00	1.880110000000000375e-03
6.740000000000000213e+00	1.668919999999999952e-03
6.759999999999999787e+00	1.220889999999999649e-03
6.780000000000000249e+00	5.203700000000000339e-04
6.799999999999999822e+00	-4.829800000000000412e-04
6.820000000000000284e+00	-1.780026000000000091e-03
6.839999999999999858e+00	-3.350480000000000298e-03
6.860000000000000320e+00	-5.173780000000000219e-03
6.879999999999999893e+00	-7.230419999999999556e-03
6.900000000000000355e+00	-9.470499999999999752e-03
6.919999999999999929e+00	-1.174477999999999980e-02
6.940000000000000391e+00	-1.384757000000000002e-02
6.959999999999999964e+00	-1.554405000000000023e-02
6.980000000000000426e+00	-1.663082999999999922e-02
7.000000000000000000e+00	-1.703346000000000027e-02
7.019999999999999574e+00	-1.682321999999999984e-02
7.040000000000000036e+00	-1.610850399999999918e-02
7.059999999999999609e+00	-1.492240999999999880e-02
7.080000000000000071e+00	-1.329029399999999937e-02
7.099999999999999645e+00	-1.123878999999999850e-02
7.120000000000000107e+00	-8.843750000000000916e-03
7.139999999999999680e+00	-6.243610000000000132e-03
7.160000000000000142e+00	-3.601059999999999678e-03
7.179999999999999716e+00	-1.079759999999999921e-03
7.200000000000000178e+00	1.198049999999999983e-03
7.219999999999999751e+00	3.261288000000000208e-03
7.240000000000000213e+00	5.210379999999999699e-03
7.259999999999999787e+00	7.060540000000000566e-03
7.280000000000000249e+00	8.731970000000000356e-03
7.299999999999999822e+00	1.011356000000000060e-02
7.320000000000000284e+00	1.105244000000000018e-02
7.339999999999999858e+00	1.142128400000000030e-02
7.360000000000000320e+00	1.121218500000000125e-02
7.379999999999999893e+00	1.046739000000000003e-02
7.400000000000000355e+00	9.255470000000000017e-03
7.419999999999999929e+00	7.729229999999999261e-03
7.440000000000000391e+00	6.250969999999999790e-03
7.459999999999999964e+00	5.253410000000000024e-03
7.480000000000000426e+00	4.928480000000000708e-03
7.500000000000000000e+00	5.219389999999999100e-03
7.519999999999999574e+00	5.974119999999999431e-03
7.540000000000000036e+00	6.995359999999999079e-03
7.559999999999999609e+00	7.994420000000000345e-03
7.580000000000000071e+00	8.697200000000000417e-03
7.599999999999999645e+00	8.969595999999999819e-03
7.620000000000000107e+00	8.816499999999999684e-03
7.639999999999999680e+00	8.378316000000000235e-03
7.660000000000000142e+00	7.807039999999999466e-03
7.679999999999999716e+00	7.161940000000000320e-03
7.700000000000000178e+00	6.451260000000000328e-03
7.719999999999999751e+00	5.615369999999999737e-03
7.740000000000000213e+00	4.665548999999999738e-03
7.759999999999999787e+00	3.730549999999999578e-03
7.780000000000000249e+00	2.899760000000000358e-03
7.799999999999999822e+00	2.298670000000000053e-03
7.820000000000000284e+00	1.912379999999999983e-03
7.839999999999999858e+00	1.618200000000000194e-03
7.860000000000000320e+00	1.278810000000000884e-03
7.879999999999999893e+00	7.246700000000001751e-04
7.900000000000000355e+00	-3.370000000000109019e-05
7.919999999999999929e+00	-8.954000000000001888e-04
7.940000000000000391e+00	-1.730440000000000624e-03
7.959999999999999964e+00	-2.366019999999999929e-03
7.980000000000000426e+00	-2.684729999999999756e-03
8.000000000000000000e+00	-2.593897999999999864e-03
8.019999999999999574e+00	-2.158976999999999858e-03
8.039999999999999147e+00	-1.484309999999999753e-03
8.060000000000000497e+00	-6.367500000000001631e-04
8.080000000000000071e+00	2.251800000000001717e-04
8.099999999999999645e+00	1.019339999999999656e-03
8.119999999999999218e+00	1.699720000000000050e-03
8.140000000000000568e+00	2.236199999999999820e-03
8.160000000000000142e+00	2.624350000000000988e-03
8.179999999999999716e+00	2.883509999999999719e-03
8.199999999999999289e+00	3.111599999999999089e-03
8.220000000000000639e+00	3.413100000000000508e-03
8.240000000000000213e+00	3.869459999999999913e-03
8.259999999999999787e+00	4.365980000000001075e-03
8.279999999999999361e+00	4.713540000000000438e-03
8.300000000000000711e+00	4.768949999999999231e-03
8.320000000000000284e+00	4.344464999999999612e-03
8.339999999999999858e+00	3.260871999999999729e-03
8.359999999999999432e+00	1.512236000000000136e-03
8.380000000000000782e+00	-6.629919999999999434e-04
8.400000000000000355e+00	-2.997030000000000353e-03
8.419999999999999929e+00	-5.282465000000000077e-03
8.439999999999999503e+00	-7.377551999999999895e-03
8.460000000000000853e+00	-9.195287999999999379e-03
8.480000000000000426e+00	-1.070985200000000061e-02
8.500000000000000000e+00	-1.189412300000000124e-02
8.519999999999999574e+00	-1.262623599999999902e-02
8.539999999999999147e+00	-1.274161999999999864e-02
8.560000000000000497e+00	-1.219589000000000090e-02
8.580000000000000071e+00	-1.110070999999999974e-02
8.599999999999999645e+00	-9.719030000000000030e-03
8.619999999999999218e+00	-8.341379999999998934e-03
8.640000000000000568e+00	-7.159569999999999650e-03
8.660000000000000142e+00	-6.262699999999999517e-03
8.679999999999999716e+00	-5.563969999999999680e-03
8.699999999999999289e+00	-4.849148000000000173e-03
8.720000000000000639e+00	-3.935623000000000073e-03
8.740000000000000213e+00	-2.943466999999999958e-03
8.759999999999999787e+00	-2.145648999999999907e-03
8.779999999999999361e+00	-1.596193000000000091e-03
8.800000000000000711e+00	-1.164740000000000046e-03
8.820000000000000284e+00	-6.852200000000002733e-04
8.839999999999999858e+00	-1.423100000000000927e-04
8.859999999999999432e+00	2.308599999999998327e-04
8.880000000000000782e+00	2.749499999999999340e-04
8.900000000000000355e+00	7.841000000000011155e-05
8.919999999999999929e+00	-1.460699999999998805e-04
8.939999999999999503e+00	-1.426299999999999270e-04
8.960000000000000853e+00	1.940499999999998650e-04
8.980000000000000426e+00	7.814130000000000078e-04
9.000000000000000000e+00	1.414257399999999847e-03
9.019999999999999574e+00	1.925054999999999952e-03
9.039999999999999147e+00	2.345240000000000172e-03
9.060000000000000497e+00	2.594619999999999739e-03
9.080000000000000071e+00	2.612070000000000190e-03
9.099999999999999645e+00	2.660580000000000063e-03
9.119999999999999218e+00	2.838160000000000162e-03
9.140000000000000568e+00	2.981750000000000025e-03
9.160000000000000142e+00	2.923249999999999633e-03
9.179999999999999716e+00	2.732929999999999734e-03
9.199999999999999289e+00	2.663309999999999896e-03
9.220000000000000639e+00	2.693646000000000061e-03
9.240000000000000213e+00	2.643240999999999733e-03
9.259999999999999787e+00	2.563783899999999907e-03
9.279999999999999361e+00	2.642310000000000145e-03
9.300000000000000711e+00	2.823238999999999957e-03
9.320000000000000284e+00	2.757881000000000221e-03
9.339999999999999858e+00	2.260463999999999789e-03
9.359999999999999432e+00	1.490851999999999976e-03
9.380000000000000782e+00	5.886129999999999834e-04
9.400000000000000355e+00	-3.602872999999999818e-04
9.419999999999999929e+00	-1.285983999999999999e-03
9.439999999999999503e+00	-2.108439000000000146e-03
9.460000000000000853e+00	-2.690611999999999778e-03
9.480000000000000426e+00	-3.048495000000000024e-03
9.500000000000000000e+00	-3.244853999999999707e-03
9.519999999999999574e+00	-3.319803999999999984e-03
9.539999999999999147e+00	-3.312241999999999964e-03
9.560000000000000497e+00	-3.064054000000000083e-03
9.580000000000000071e+00	-2.416884000000000220e-03
9.599999999999999645e+00	-1.496979999999999969e-03
9.619999999999999218e+00	-5.163475799999999675e-04
9.640000000000000568e+00	4.280199999999999847e-04
9.660000000000000142e+00	1.342342399999999977e-03
9.679999999999999716e+00	2.224933000000000119e-03
9.699999999999999289e+00	3.094193999999999764e-03
9.720000000000000639e+00	4.101959999999999981e-03
9.740000000000000213e+00	5.241159999999999916e-03
9.759999999999999787e+00	6.243969999999999729e-03
9.779999999999999361e+00	6.893059999999999465e-03
9.800000000000000711e+00	7.209740000000000072e-03
9.820000000000000284e+00	7.271609999999999532e-03
9.839999999999999858e+00	7.045940000000000536e-03
9.859999999999999432e+00	6.592920000000000377e-03
9.880000000000000782e+00	6.018840000000000127e-03
9.900000000000000355e+00	5.299309999999999785e-03
9.919999999999999929e+00	4.311147000000000416e-03
9.939999999999999503e+00	3.076773000000000095e-03
9.960000000000000853e+00	1.837969999999999752e-03
9.980000000000000426e+00	7.285600000000000583e-04
1.000000000000000000e+01	-3.522099999999999363e-04
1.001999999999999957e+01	-1.481629999999999839e-03
1.003999999999999915e+01	-2.520350000000000628e-03
1.006000000000000050e+01	-3.331390000000000479e-03
1.008000000000000007e+01	-3.897619999999999644e-03
1.009999999999999964e+01	-4.239289999999999725e-03
1.011999999999999922e+01	-4.471250000000000398e-03
1.014000000000000057e+01	-4.708560000000000523e-03
1.016000000000000014e+01	-4.949779999999999978e-03
1.017999999999999972e+01	-5.146549999999999736e-03
1.019999999999999929e+01	-5.273910000000000577e-03
1.022000000000000064e+01	-5.424093300000000159e-03
1.024000000000000021e+01	-5.673180999999999363e-03
1.025999999999999979e+01	-5.916969999999999695e-03
1.027999999999999936e+01	-6.079460000000000072e-03
1.030000000000000071e+01	-6.187929999999999472e-03
1.032000000000000028e+01	-6.197840000000000467e-03
1.033999999999999986e+01	-6.049988000000000067e-03
1.035999999999999943e+01	-5.759028000000000237e-03
1.038000000000000078e+01	-5.363849999999999868e-03
1.040000000000000036e+01	-4.887560000000000862e-03
1.041999999999999993e+01	-4.308019999999999211e-03
1.043999999999999950e+01	-3.544620000000000062e-03
1.046000000000000085e+01	-2.532440000000000385e-03
1.048000000000000043e+01	-1.318129999999999823e-03
1.050000000000000000e+01	8.696000000000050911e-05
1.051999999999999957e+01	1.679570000000000021e-03
1.053999999999999915e+01	3.376209999999999715e-03
1.056000000000000050e+01	5.132040000000000039e-03
1.058000000000000007e+01	6.909789500000000119e-03
1.059999999999999964e+01	8.690389999999999227e-03
1.061999999999999922e+01	1.049585000000000101e-02
1.064000000000000057e+01	1.227684000000000067e-02
1.066000000000000014e+01	1.387704000000000021e-02
1.067999999999999972e+01	1.511652999999999955e-02
1.069999999999999929e+01	1.589829000000000242e-02
1.072000000000000064e+01	1.626265000000000002e-02
1.074000000000000021e+01	1.633601999999999971e-02
1.075999999999999979e+01	1.616574000000000136e-02
1.077999999999999936e+01	1.564948000000000033e-02
1.080000000000000071e+01	1.471134999999999977e-02
1.082000000000000028e+01	1.340643899999999916e-02
1.083999999999999986e+01	1.187080999999999900e-02
1.085999999999999943e+01	1.024349999999999913e-02
1.088000000000000078e+01	8.585940000000000238e-03
1.090000000000000036e+01	6.894789999999999600e-03
1.091999999999999993e+01	5.160109999999999870e-03
1.093999999999999950e+01	3.323739999999999941e-03
1.096000000000000085e+01	1.304499999999999670e-03
1.098000000000000043e+01	-8.547899999999998034e-04
1.100000000000000000e+01	-2.996958000000000087e-03
1.101999999999999957e+01	-5.014229999999999729e-03
1.103999999999999915e+01	-6.892419999999999797e-03
1.106000000000000050e+01	-8.611829999999999138e-03
1.108000000000000007e+01	-1.013587999999999989e-02
1.109999999999999964e+01	-1.146042900000000114e-02
1.111999999999999922e+01	-1.262157900000000083e-02
1.114000000000000057e+01	-1.364847899999999982e-02
1.116000000000000014e+01	-1.456552000000000020e-02
1.117999999999999972e+01	-1.541561000000000146e-02
1.119999999999999929e+01	-1.619748999999999842e-02
1.122000000000000064e+01	-1.688143999999999756e-02
1.124000000000000021e+01	-1.744499000000000050e-02
1.125999999999999979e+01	-1.787537999999999974e-02
1.127999999999999936e+01	-1.816166399999999750e-02
1.130000000000000071e+01	-1.822135639999999945e-02
1.132000000000000028e+01	-1.791629299999999980e-02
1.133999999999999986e+01	-1.716049000000000047e-02
1.135999999999999943e+01	-1.596643000000000021e-02
1.138000000000000078e+01	-1.438678999999999999e-02
1.140000000000000036e+01	-1.251572999999999922e-02
1.141999999999999993e+01	-1.047630999999999910e-02
1.143999999999999950e+01	-8.335399999999999754e-03
1.146000000000000085e+01	-6.058620000000000672e-03
1.148000000000000043e+01	-3.609709999999999915e-03
1.150000000000000000e+01	-1.056813999999999887e-03
1.151999999999999957e+01	1.461657000000000104e-03
1.153999999999999915e+01	3.798422000000000517e-03
1.156000000000000050e+01	5.850129400000000056e-03
1.158000000000000007e+01	7.544665000000000746e-03
1.159999999999999964e+01	8.830725000000001074e-03
1.161999999999999922e+01	9.695108000000000892e-03
1.164000000000000057e+01	1.011172399999999902e-02
1.166000000000000014e+01	1.004307799999999869e-02
1.167999999999999972e+01	9.474569000000000393e-03
1.169999999999999929e+01	8.463069999999999621e-03
1.172000000000000064e+01	7.167280000000000699e-03
1.174000000000000021e+01	5.802699999999999178e-03
1.175999999999999979e+01	4.587789999999999577e-03
1.177999999999999936e+01	3.661399999999999984e-03
1.180000000000000071e+01	3.020839999999999897e-03
1.182000000000000028e+01	2.566460000000000442e-03
1.183999999999999986e+01	2.182009999999999852e-03
1.185999999999999943e+01	1.793836000000000042e-03
1.188000000000000078e+01	1.401808000000000047e-03
1.190000000000000036e+01	1.103761999999999886e-03
1.191999999999999993e+01	1.031204500000000145e-03
1.193999999999999950e+01	1.215925000000000079e-03
1.196000000000000085e+01	1.498670000000000124e-03
1.198000000000000043e+01	1.620119999999999633e-03
1.200000000000000000e+01	1.456710000000000383e-03
1.201999999999999957e+01	1.062789999999999655e-03
1.203999999999999915e+01	5.860700000000001672e-04
1.206000000000000050e+01	1.266100000000000905e-04
1.208000000000000007e+01	-3.196600000000002564e-04
1.209999999999999964e+01	-8.349899999999998643e-04
1.211999999999999922e+01	-1.539009999999999510e-03
1.214000000000000057e+01	-2.455729999999999719e-03
1.216000000000000014e+01	-3.480839999999999802e-03
1.217999999999999972e+01	-4.448757999999999706e-03
1.219999999999999929e+01	-5.139822000000000488e-03
1.222000000000000064e+01	-5.305899999999999679e-03
1.224000000000000021e+01	-4.778890000000000048e-03
1.225999999999999979e+01	-3.569799999999999709e-03
1.227999999999999936e+01	-1.851729000000000092e-03
1.230000000000000071e+01	2.058399999999998859e-04
1.232000000000000028e+01	2.507899999999999539e-03
1.233999999999999986e+01	4.981969999999999628e-03
1.235999999999999943e+01	7.540975000000000109e-03
1.238000000000000078e+01	1.006737000000000083e-02
1.240000000000000036e+01	1.241204000000000092e-02
1.241999999999999993e+01	1.440124999999999912e-02
1.243999999999999950e+01	1.590891000000000180e-02
1.246000000000000085e+01	1.688593999999999859e-02
1.248000000000000043e+01	1.732844999999999872e-02
1.250000000000000000e+01	1.726716000000000015e-02
1.251999999999999957e+01	1.678771999999999903e-02
1.253999999999999915e+01	1.600023999999999891e-02
1.256000000000000050e+01	1.496689000000000005e-02
1.258000000000000007e+01	1.367453000000000071e-02
1.259999999999999964e+01	1.209660000000000075e-02
1.261999999999999922e+01	1.024981999999999976e-02
1.264000000000000057e+01	8.188990000000000158e-03
1.266000000000000014e+01	6.007170000000000044e-03
1.267999999999999972e+01	3.825046999999999822e-03
1.269999999999999929e+01	1.740116299999999987e-03
1.272000000000000064e+01	-1.932740000000000066e-04
1.274000000000000021e+01	-1.942358000000000149e-03
1.275999999999999979e+01	-3.532790000000000062e-03
1.277999999999999936e+01	-5.040539999999999604e-03
1.280000000000000071e+01	-6.531880000000000325e-03
1.282000000000000028e+01	-8.010929999999999440e-03
1.283999999999999986e+01	-9.454640000000000266e-03
1.285999999999999943e+01	-1.087155999999999886e-02
1.288000000000000078e+01	-1.227109000000000012e-02
1.290000000000000036e+01	-1.364072000000000028e-02
1.291999999999999993e+01	-1.492140000000000133e-02
1.293999999999999950e+01	-1.602011999999999881e-02
1.296000000000000085e+01	-1.685451999999999784e-02
1.298000000000000043e+01	-1.740593000000000001e-02
1.300000000000000000e+01	-1.770862000000000130e-02
1.301999999999999957e+01	-1.778934999999999891e-02
1.303999999999999915e+01	-1.763970000000000121e-02
1.306000000000000050e+01	-1.723080000000000098e-02
1.308000000000000007e+01	-1.653680000000000080e-02
1.309999999999999964e+01	-1.554086000000000009e-02
1.311999999999999922e+01	-1.425667000000000080e-02
1.314000000000000057e+01	-1.271874899999999968e-02
1.316000000000000014e+01	-1.094744399999999888e-02
1.317999999999999972e+01	-8.960489999999999775e-03
1.319999999999999929e+01	-6.836630000000000658e-03
1.322000000000000064e+01	-4.704459999999999718e-03
1.324000000000000021e+01	-2.623460000000000202e-03
1.325999999999999979e+01	-5.246699999999996505e-04
1.327999999999999936e+01	1.671119999999999897e-03
1.330000000000000071e+01	3.952799999999999370e-03
1.332000000000000028e+01	6.265125999999999334e-03
1.333999999999999986e+01	8.546843000000000148e-03
1.335999999999999943e+01	1.069645999999999965e-02
1.338000000000000078e+01	1.261721999999999844e-02
1.340000000000000036e+01	1.429191000000000142e-02
1.341999999999999993e+01	1.577214000000000046e-02
1.343999999999999950e+01	1.711570000000000105e-02
1.346000000000000085e+01	1.833078000000000138e-02
1.348000000000000043e+01	1.935448999999999850e-02
1.350000000000000000e+01	2.004796000000000009e-02
1.351999999999999957e+01	2.026809999999999723e-02
1.353999999999999915e+01	1.994523999999999950e-02
1.356000000000000050e+01	1.910208999999999865e-02
1.358000000000000007e+01	1.781921000000000199e-02
1.359999999999999964e+01	1.618341576999999740e-02
1.361999999999999922e+01	1.424874200000000000e-02
1.364000000000000057e+01	1.204917999999999961e-02
1.366000000000000014e+01	9.635229999999999836e-03
1.367999999999999972e+01	7.059919999999999043e-03
1.369999999999999929e+01	4.378830000000000222e-03
1.372000000000000064e+01	1.656120000000000075e-03
1.374000000000000021e+01	-1.040469999999999937e-03
1.375999999999999979e+01	-3.658218000000000407e-03
1.377999999999999936e+01	-6.167859999999999836e-03
1.380000000000000071e+01	-8.529179999999999054e-03
1.382000000000000028e+01	-1.068453999999999932e-02
1.383999999999999986e+01	-1.257762999999999937e-02
1.385999999999999943e+01	-1.417749999999999913e-02
1.388000000000000078e+01	-1.549256499999999981e-02
1.390000000000000036e+01	-1.656751100000000004e-02
1.391999999999999993e+01	-1.746616900000000014e-02
1.393999999999999950e+01	-1.820073399999999966e-02
1.396000000000000085e+01	-1.872401500000000010e-02
1.398000000000000043e+01	-1.899770800000000204e-02
1.400000000000000000e+01	-1.900139160000000049e-02
1.401999999999999957e+01	-1.872724699999999895e-02
1.403999999999999915e+01	-1.817705400000000152e-02
1.406000000000000050e+01	-1.734963800000000056e-02
1.408000000000000007e+01	-1.624758000000000105e-02
1.409999999999999964e+01	-1.487125999999999899e-02
1.411999999999999922e+01	-1.322407999999999917e-02
1.414000000000000057e+01	-1.131696999999999911e-02
1.416000000000000014e+01	-9.160200000000000287e-03
1.417999999999999972e+01	-6.775500000000000272e-03
1.419999999999999929e+01	-4.207299999999999755e-03
1.422000000000000064e+01	-1.523106000000000199e-03
1.424000000000000021e+01	1.179079999999999885e-03
1.425999999999999979e+01	3.803779999999999661e-03
1.427999999999999936e+01	6.265009999999999676e-03
1.430000000000000071e+01	8.467970000000000011e-03
1.432000000000000028e+01	1.033409799999999990e-02
1.433999999999999986e+01	1.181706299999999918e-02
1.435999999999999943e+01	1.289087400000000008e-02
1.438000000000000078e+01	1.354338300000000085e-02
1.440000000000000036e+01	1.379633100000000022e-02
1.441999999999999993e+01	1.369626000000000003e-02
1.443999999999999950e+01	1.329259999999999990e-02
1.446000000000000085e+01	1.264306999999999931e-02
1.448000000000000043e+01	1.180246000000000073e-02
1.450000000000000000e+01	1.081709999999999963e-02
1.451999999999999957e+01	9.731069999999999651e-03
1.453999999999999915e+01	8.585970000000000060e-03
1.456000000000000050e+01	7.405190000000000730e-03
1.458000000000000007e+01	6.212363999999999734e-03
1.459999999999999964e+01	5.034906999999999924e-03
1.461999999999999922e+01	3.882715000000000125e-03
1.464000000000000057e+01	2.734184000000000180e-03
1.466000000000000014e+01	1.588042000000000013e-03
1.467999999999999972e+01	4.940040999999999616e-04
1.469999999999999929e+01	-4.920859999999999774e-04
1.472000000000000064e+01	-1.333093000000000038e-03
1.474000000000000021e+01	-2.021606000000000011e-03
1.475999999999999979e+01	-2.585249999999999874e-03
1.477999999999999936e+01	-3.059280000000000159e-03
1.480000000000000071e+01	-3.445619999999999933e-03
1.482000000000000028e+01	-3.733460000000000077e-03
1.483999999999999986e+01	-3.942549999999999527e-03
1.485999999999999943e+01	-4.123079999999999454e-03
1.488000000000000078e+01	-4.263950000000000726e-03
1.490000000000000036e+01	-4.288479999999999029e-03
1.491999999999999993e+01	-4.122060000000000307e-03
1.493999999999999950e+01	-3.738419999999999677e-03
1.496000000000000085e+01	-3.126700000000000052e-03
1.498000000000000043e+01	-2.261479999999999740e-03
1.500000000000000000e+01	-1.147100000000000290e-03
1.501999999999999957e+01	1.737200000000000376e-04
1.503999999999999915e+01	1.652915999999999934e-03
1.506000000000000050e+01	3.234428000000000129e-03
1.508000000000000007e+01	4.829039999999999722e-03
1.509999999999999964e+01	6.349530000000000798e-03
1.511999999999999922e+01	7.752979999999999594e-03
1.514000000000000057e+01	9.025789999999998814e-03
1.516000000000000014e+01	1.013592999999999959e-02
1.517999999999999972e+01	1.105181599999999903e-02
1.519999999999999929e+01	1.176981000000000034e-02
1.522000000000000064e+01	1.228294470000000117e-02
1.524000000000000021e+01	1.256363699999999903e-02
1.525999999999999979e+01	1.257211600000000123e-02
1.527999999999999936e+01	1.228353999999999904e-02
1.530000000000000071e+01	1.168395000000000024e-02
1.532000000000000028e+01	1.076553000000000059e-02
1.533999999999999986e+01	9.564919999999999325e-03
1.535999999999999943e+01	8.144760000000000888e-03
1.538000000000000078e+01	6.554369999999999467e-03
1.540000000000000036e+01	4.801069999999999297e-03
1.541999999999999993e+01	2.866959999999999995e-03
1.543999999999999950e+01	7.287600000000001715e-04
1.546000000000000085e+01	-1.609729999999999755e-03
1.548000000000000043e+01	-4.096049000000000044e-03
1.550000000000000000e+01	-6.668939999999999937e-03
1.551999999999999957e+01	-9.231619999999999410e-03
1.553999999999999915e+01	-1.164484999999999999e-02
1.556000000000000050e+01	-1.376433999999999991e-02
1.558000000000000007e+01	-1.548390000000000009e-02
1.559999999999999964e+01	-1.675801999999999847e-02
1.561999999999999922e+01	-1.757546000000000108e-02
1.564000000000000057e+01	-1.794733000000000092e-02
1.566000000000000014e+01	-1.791709999999999831e-02
1.567999999999999972e+01	-1.754849900000000212e-02
1.569999999999999929e+01	-1.689351099999999994e-02
1.572000000000000064e+01	-1.599456999999999962e-02
1.574000000000000021e+01	-1.492237999999999898e-02
1.575999999999999979e+01	-1.378479999999999983e-02
1.577999999999999936e+01	-1.264239999999999982e-02
1.580000000000000071e+01	-1.147836999999999989e-02
1.582000000000000028e+01	-1.026255999999999870e-02
1.583999999999999986e+01	-8.975580000000000364e-03
1.585999999999999943e+01	-7.588070000000000578e-03
1.588000000000000078e+01	-6.069410000000000777e-03
1.590000000000000036e+01	-4.427490000000000071e-03
1.591999999999999993e+01	-2.693649999999999690e-03
1.593999999999999950e+01	-9.031100000000001540e-04
1.596000000000000085e+01	8.887660000000000352e-04
1.598000000000000043e+01	2.642320000000000085e-03
1.600000000000000000e+01	4.351469000000000170e-03
1.601999999999999957e+01	6.000354000000000278e-03
1.603999999999999915e+01	7.552612000000000214e-03
1.605999999999999872e+01	8.975830000000000614e-03
1.607999999999999829e+01	1.025213600000000023e-02
1.610000000000000142e+01	1.138732150000000033e-02
1.612000000000000099e+01	1.239774270000000046e-02
1.614000000000000057e+01	1.327754376999999882e-02
1.616000000000000014e+01	1.399328499999999940e-02
1.617999999999999972e+01	1.449259999999999958e-02
1.619999999999999929e+01	1.471520200000000014e-02
1.621999999999999886e+01	1.460747699999999892e-02
1.623999999999999844e+01	1.415099999999999865e-02
1.626000000000000156e+01	1.335843000000000100e-02
1.628000000000000114e+01	1.225182000000000007e-02
1.630000000000000071e+01	1.084625000000000172e-02
1.632000000000000028e+01	9.171769999999999229e-03
1.633999999999999986e+01	7.284399999999999903e-03
1.635999999999999943e+01	5.225859999999999707e-03
1.637999999999999901e+01	3.035756000000000131e-03
1.639999999999999858e+01	7.878400000000001548e-04
1.642000000000000171e+01	-1.438330000000000251e-03
1.644000000000000128e+01	-3.614240000000000334e-03
1.646000000000000085e+01	-5.726349999999999843e-03
1.648000000000000043e+01	-7.729620000000000414e-03
1.650000000000000000e+01	-9.553439000000000375e-03
1.651999999999999957e+01	-1.111509800000000034e-02
1.653999999999999915e+01	-1.235446200000000008e-02
1.655999999999999872e+01	-1.324312000000000059e-02
1.657999999999999829e+01	-1.376184999999999908e-02
1.660000000000000142e+01	-1.391012999999999972e-02
1.662000000000000099e+01	-1.370078999999999915e-02
1.664000000000000057e+01	-1.317153000000000074e-02
1.666000000000000014e+01	-1.240184999999999899e-02
1.667999999999999972e+01	-1.146971000000000102e-02
1.669999999999999929e+01	-1.041158000000000014e-02
1.671999999999999886e+01	-9.218750000000001249e-03
1.673999999999999844e+01	-7.885190000000000254e-03
1.676000000000000156e+01	-6.440400000000000638e-03
1.678000000000000114e+01	-4.936750000000000166e-03
1.680000000000000071e+01	-3.430450000000000253e-03
1.682000000000000028e+01	-1.966285999999999815e-03
1.683999999999999986e+01	-5.550899999999998370e-04
1.685999999999999943e+01	7.968299999999998908e-04
1.687999999999999901e+01	2.070400000000000018e-03
1.689999999999999858e+01	3.229049999999999802e-03
1.692000000000000171e+01	4.239399999999999939e-03
1.694000000000000128e+01	5.102180000000000430e-03
1.696000000000000085e+01	5.828331999999999437e-03
1.698000000000000043e+01	6.428681000000000326e-03
1.700000000000000000e+01	6.913434000000000419e-03
1.701999999999999957e+01	7.299641000000000809e-03
1.703999999999999915e+01	7.617979999999999891e-03
1.705999999999999872e+01	7.899480000000000390e-03
1.707999999999999829e+01	8.169665000000001301e-03
1.710000000000000142e+01	8.442325000000000523e-03
1.712000000000000099e+01	8.713831899999999880e-03
1.714000000000000057e+01	8.974163999999999752e-03
1.716000000000000014e+01	9.189681999999999365e-03
1.717999999999999972e+01	9.296079999999999968e-03
1.719999999999999929e+01	9.239859999999999046e-03
1.721999999999999886e+01	8.973180000000000739e-03
1.723999999999999844e+01	8.452150000000000288e-03
1.726000000000000156e+01	7.663019999999999554e-03
1.728000000000000114e+01	6.622929999999999963e-03
1.730000000000000071e+01	5.371349999999999562e-03
1.732000000000000028e+01	3.958541999999999790e-03
1.733999999999999986e+01	2.445005000000000095e-03
1.735999999999999943e+01	9.054259999999999739e-04
1.737999999999999901e+01	-5.779213000000000058e-04
1.739999999999999858e+01	-1.938702000000000047e-03
1.742000000000000171e+01	-3.149800000000000343e-03
1.744000000000000128e+01	-4.194289999999999824e-03
1.746000000000000085e+01	-5.044270000000000004e-03
1.748000000000000043e+01	-5.672840000000000174e-03
1.750000000000000000e+01	-6.055669999999999109e-03
1.751999999999999957e+01	-6.174968999999999771e-03
1.753999999999999915e+01	-6.029164000000000051e-03
1.755999999999999872e+01	-5.632364000000000814e-03
1.757999999999999829e+01	-4.993086000000000746e-03
1.760000000000000142e+01	-4.135219999999999348e-03
1.762000000000000099e+01	-3.099709999999999879e-03
1.764000000000000057e+01	-1.931130000000000303e-03
1.766000000000000014e+01	-6.963300000000002127e-04
1.767999999999999972e+01	5.166100000000000293e-04
1.769999999999999929e+01	1.612920999999999799e-03
1.771999999999999886e+01	2.527072460000000329e-03
1.773999999999999844e+01	3.251865999999999958e-03
1.776000000000000156e+01	3.821709999999999864e-03
1.778000000000000114e+01	4.269440000000000214e-03
1.780000000000000071e+01	4.619149999999999819e-03
1.782000000000000028e+01	4.893599999999999686e-03
1.783999999999999986e+01	5.108419999999999801e-03
1.785999999999999943e+01	5.259970000000000097e-03
1.787999999999999901e+01	5.345429999999999973e-03
1.789999999999999858e+01	5.374620999999999565e-03
1.792000000000000171e+01	5.347664000000000237e-03
1.794000000000000128e+01	5.243366299999999841e-03
1.796000000000000085e+01	5.036126999999999618e-03
1.798000000000000043e+01	4.715969999999999884e-03
1.800000000000000000e+01	4.294552000000000092e-03
1.801999999999999957e+01	3.807352999999999866e-03
1.803999999999999915e+01	3.274759999999999824e-03
1.805999999999999872e+01	2.695530000000000235e-03
1.807999999999999829e+01	2.079399999999999912e-03
1.810000000000000142e+01	1.440308000000000170e-03
1.812000000000000099e+01	7.575890000000001356e-04
1.814000000000000057e+01	-1.083699999999997773e-05
1.816000000000000014e+01	-8.861570000000000471e-04
1.817999999999999972e+01	-1.857003700000000104e-03
1.819999999999999929e+01	-2.898460999999999746e-03
1.821999999999999886e+01	-3.994064999999999768e-03
1.823999999999999844e+01	-5.139448000000000454e-03
1.826000000000000156e+01	-6.318741000000000115e-03
1.828000000000000114e+01	-7.495557999999999388e-03
1.830000000000000071e+01	-8.617704999999999810e-03
1.832000000000000028e+01	-9.629208000000000212e-03
1.833999999999999986e+01	-1.047568189999999871e-02
1.835999999999999943e+01	-1.111216999999999934e-02
1.837999999999999901e+01	-1.151949499999999939e-02
1.839999999999999858e+01	-1.169678799999999963e-02
1.842000000000000171e+01	-1.166266600000000035e-02
1.844000000000000128e+01	-1.144602800000000045e-02
1.846000000000000085e+01	-1.104785600000000000e-02
1.848000000000000043e+01	-1.044941400000000062e-02
1.850000000000000000e+01	-9.642436000000000756e-03
1.851999999999999957e+01	-8.636822000000000596e-03
1.853999999999999915e+01	-7.462108599999999620e-03
1.855999999999999872e+01	-6.167650999999999689e-03
1.857999999999999829e+01	-4.820187000000000083e-03
1.860000000000000142e+01	-3.484873000000000311e-03
1.862000000000000099e+01	-2.219126000000000085e-03
1.864000000000000057e+01	-1.066118999999999921e-03
1.866000000000000014e+01	-5.224399999999995584e-05
1.867999999999999972e+01	8.202780000000000227e-04
1.869999999999999929e+01	1.556877049999999931e-03
1.871999999999999886e+01	2.154939000000000247e-03
1.873999999999999844e+01	2.624444000000000082e-03
1.876000000000000156e+01	2.987434000000000183e-03
1.878000000000000114e+01	3.269465999999999952e-03
1.880000000000000071e+01	3.483750000000000301e-03
1.882000000000000028e+01	3.630599999999999886e-03
1.883999999999999986e+01	3.699839999999999813e-03
1.885999999999999943e+01	3.683359999999999673e-03
1.887999999999999901e+01	3.592890000000000059e-03
1.889999999999999858e+01	3.449060000000000320e-03
1.892000000000000171e+01	3.264079999999999933e-03
1.894000000000000128e+01	3.050500000000000260e-03
1.896000000000000085e+01	2.823829999999999830e-03
1.898000000000000043e+01	2.590450000000000218e-03
1.900000000000000000e+01	2.351472000000000284e-03
1.901999999999999957e+01	2.106967999999999862e-03
1.903999999999999915e+01	1.857354999999999987e-03
1.905999999999999872e+01	1.602362000000000187e-03
1.907999999999999829e+01	1.337426999999999973e-03
1.910000000000000142e+01	1.055981000000000107e-03
1.912000000000000099e+01	7.568129999999999519e-04
1.914000000000000057e+01	4.418369999999999915e-04
1.916000000000000014e+01	1.161710000000000910e-04
1.917999999999999972e+01	-2.095999999999998906e-04
1.919999999999999929e+01	-5.175100000000001053e-04
1.921999999999999886e+01	-7.847600000000000148e-04
1.923999999999999844e+01	-9.895100000000000857e-04
1.926000000000000156e+01	-1.109740000000000119e-03
1.928000000000000114e+01	-1.123140000000000119e-03
1.930000000000000071e+01	-1.014390000000000213e-03
1.932000000000000028e+01	-7.793200000000000127e-04
1.933999999999999986e+01	-4.216899999999999555e-04
1.935999999999999943e+01	4.669000000000005611e-05
1.937999999999999901e+01	6.083300000000000252e-04
1.939999999999999858e+01	1.245021999999999926e-03
1.942000000000000171e+01	1.941007999999999926e-03
1.944000000000000128e+01	2.680894999999999979e-03
1.946000000000000085e+01	3.450140999999999885e-03
1.948000000000000043e+01	4.233108999999999657e-03
1.950000000000000000e+01	5.011120999999999458e-03
1.951999999999999957e+01	5.764132999999999410e-03
1.953999999999999915e+01	6.471619999999999977e-03
1.955999999999999872e+01	7.112638899999999993e-03
1.957999999999999829e+01	7.666242400000000332e-03
1.960000000000000142e+01	8.113646599999999737e-03
1.962000000000000099e+01	8.439315100000000652e-03
1.964000000000000057e+01	8.630921099999999332e-03
1.966000000000000014e+01	8.681787999999999311e-03
1.967999999999999972e+01	8.590699999999999725e-03
1.969999999999999929e+01	8.359640999999999253e-03
1.971999999999999886e+01	7.993132999999999488e-03
1.973999999999999844e+01	7.498233999999999455e-03
1.976000000000000156e+01	6.885000799999999900e-03
1.978000000000000114e+01	6.166202400000000104e-03
1.980000000000000071e+01	5.356522199999999914e-03
1.982000000000000028e+01	4.472181599999999757e-03
1.983999999999999986e+01	3.530994899999999846e-03
1.985999999999999943e+01	2.551697820000000099e-03
1.987999999999999901e+01	1.553423129999999871e-03
1.989999999999999858e+01	5.553617000000000059e-04
1.992000000000000171e+01	-4.236454000000000283e-04
1.994000000000000128e+01	-1.365634700000000140e-03
1.996000000000000085e+01	-2.254183199999999949e-03
1.998000000000000043e+01	-3.074835199999999789e-03
2.000000000000000000e+01	-3.815162499999999717e-03
