0.000000000000000000e+00	0.000000000000000000e+00
2.000000000000000042e-02	9.707718952000000384e-07
4.000000000000000083e-02	-3.598246679999999627e-06
5.999999999999999778e-02	6.637919486999999652e-06
8.000000000000000167e-02	3.349720789999999866e-05
1.000000000000000056e-01	3.955284819999999968e-05
1.199999999999999956e-01	2.355070500000000172e-05
1.400000000000000133e-01	-1.343471600000000075e-05
1.600000000000000033e-01	-7.552463999999999456e-05
1.799999999999999933e-01	-1.487848399999999814e-04
2.000000000000000111e-01	-2.221443900000000065e-04
2.200000000000000011e-01	-3.068532700000000031e-04
2.399999999999999911e-01	-4.006218900000000065e-04
2.600000000000000089e-01	-4.746695145000000499e-04
2.800000000000000266e-01	-5.529204999999999927e-04
2.999999999999999889e-01	-6.772972000000000584e-04
3.200000000000000067e-01	-7.796996000000000048e-04
3.400000000000000244e-01	-8.584209999999999454e-04
3.599999999999999867e-01	-9.507339999999999541e-04
3.800000000000000044e-01	-1.027689000000000033e-03
4.000000000000000222e-01	-1.064550000000000045e-03
4.199999999999999845e-01	-1.062439999999999999e-03
4.400000000000000022e-01	-1.038906999999999938e-03
4.600000000000000200e-01	-9.741260000000000717e-04
4.799999999999999822e-01	-8.364660000000000107e-04
5.000000000000000000e-01	-5.945370000000000169e-04
5.200000000000000178e-01	-2.669000000000000365e-04
5.400000000000000355e-01	8.131000000000001941e-05
5.600000000000000533e-01	3.661639999999998776e-04
5.799999999999999600e-01	5.737539999999999958e-04
5.999999999999999778e-01	6.841040000000000489e-04
6.199999999999999956e-01	7.614439999999999013e-04
6.400000000000000133e-01	8.205739999999999128e-04
6.600000000000000311e-01	8.905039999999999701e-04
6.800000000000000488e-01	1.045967000000000077e-03
6.999999999999999556e-01	1.183730000000000025e-03
7.199999999999999734e-01	1.293623999999999946e-03
7.399999999999999911e-01	1.339339999999999845e-03
7.600000000000000089e-01	1.291261000000000145e-03
7.800000000000000266e-01	1.160518000000000140e-03
8.000000000000000444e-01	9.920449999999999928e-04
8.199999999999999512e-01	7.974129999999999630e-04
8.399999999999999689e-01	5.575016000000000563e-04
8.599999999999999867e-01	2.421049999999999732e-04
8.800000000000000044e-01	-7.998200000000003484e-05
9.000000000000000222e-01	-3.792750000000000440e-04
9.200000000000000400e-01	-6.227071000000000472e-04
9.399999999999999467e-01	-7.911647020000000304e-04
9.599999999999999645e-01	-9.970255000000000783e-04
9.799999999999999822e-01	-1.104079399999999917e-03
1.000000000000000000e+00	-1.132418200000000121e-03
1.020000000000000018e+00	-1.173449000000000020e-03
1.040000000000000036e+00	-1.207102999999999952e-03
1.060000000000000053e+00	-1.138187000000000140e-03
1.080000000000000071e+00	-1.044026999999999889e-03
1.100000000000000089e+00	-9.663599999999999838e-04
1.120000000000000107e+00	-8.179210000000000994e-04
1.139999999999999902e+00	-4.656099999999999822e-04
1.159999999999999920e+00	-4.407999999999994388e-05
1.179999999999999938e+00	2.860099999999999535e-04
1.199999999999999956e+00	6.772200000000000789e-04
1.219999999999999973e+00	1.201450999999999865e-03
1.239999999999999991e+00	1.811953999999999952e-03
1.260000000000000009e+00	2.228866999999999828e-03
1.280000000000000027e+00	2.421935000000000060e-03
1.300000000000000044e+00	2.438281000000000042e-03
1.320000000000000062e+00	2.327942999999999853e-03
1.340000000000000080e+00	2.232247000000000137e-03
1.360000000000000098e+00	2.116372000000000045e-03
1.379999999999999893e+00	1.989315999999999654e-03
1.399999999999999911e+00	1.890329999999999962e-03
1.419999999999999929e+00	1.815066000000000162e-03
1.439999999999999947e+00	1.716660000000000061e-03
1.459999999999999964e+00	1.551987000000000115e-03
1.479999999999999982e+00	1.471296999999999883e-03
1.500000000000000000e+00	1.446859500000000163e-03
1.520000000000000018e+00	1.349902800000000102e-03
1.540000000000000036e+00	1.241286999999999989e-03
1.560000000000000053e+00	1.147903999999999938e-03
1.580000000000000071e+00	1.019601000000000188e-03
1.600000000000000089e+00	8.776180000000000396e-04
1.620000000000000107e+00	7.074779999999998830e-04
1.639999999999999902e+00	5.695540000000001105e-04
1.659999999999999920e+00	4.999699999999999717e-04
1.679999999999999938e+00	4.491319999999998733e-04
1.699999999999999956e+00	4.273779999999999593e-04
1.719999999999999973e+00	3.255000000000000514e-04
1.739999999999999991e+00	4.563000000000006287e-05
1.760000000000000009e+00	-3.401500000000000010e-04
1.780000000000000027e+00	-7.348890000000000717e-04
1.800000000000000044e+00	-1.074964000000000084e-03
1.820000000000000062e+00	-1.350872999999999831e-03
1.840000000000000080e+00	-1.615792999999999917e-03
1.860000000000000098e+00	-1.840465999999999804e-03
1.879999999999999893e+00	-1.922885999999999953e-03
1.899999999999999911e+00	-1.865516999999999913e-03
1.919999999999999929e+00	-1.757337999999999782e-03
1.939999999999999947e+00	-1.677480000000000073e-03
1.959999999999999964e+00	-1.747130000000000167e-03
1.979999999999999982e+00	-2.011533099999999845e-03
2.000000000000000000e+00	-2.405799000000000132e-03
2.020000000000000018e+00	-2.918599999999999927e-03
2.040000000000000036e+00	-3.451070000000000092e-03
2.060000000000000053e+00	-3.870659999999999726e-03
2.080000000000000071e+00	-3.971549999999999907e-03
2.100000000000000089e+00	-3.775356000000000111e-03
2.120000000000000107e+00	-3.553465000000000009e-03
2.140000000000000124e+00	-3.342143499999999847e-03
2.160000000000000142e+00	-3.153184999999999755e-03
2.180000000000000160e+00	-2.942109999999999951e-03
2.200000000000000178e+00	-2.684630000000000349e-03
2.220000000000000195e+00	-2.571579999999999526e-03
2.240000000000000213e+00	-2.723629999999999888e-03
2.259999999999999787e+00	-3.081309999999999431e-03
2.279999999999999805e+00	-3.414579999999999959e-03
2.299999999999999822e+00	-3.720270000000000347e-03
2.319999999999999840e+00	-4.080779999999999998e-03
2.339999999999999858e+00	-4.396829999999999142e-03
2.359999999999999876e+00	-4.631600000000000474e-03
2.379999999999999893e+00	-4.824919999999999036e-03
2.399999999999999911e+00	-4.839210000000000039e-03
2.419999999999999929e+00	-4.457670000000000382e-03
2.439999999999999947e+00	-3.597699999999999683e-03
2.459999999999999964e+00	-2.131549999999999417e-03
2.479999999999999982e+00	-2.431500000000001369e-04
2.500000000000000000e+00	1.917829999999999709e-03
2.520000000000000018e+00	4.204279999999999476e-03
2.540000000000000036e+00	6.552574400000000382e-03
2.560000000000000053e+00	8.801150000000000639e-03
2.580000000000000071e+00	1.068855999999999973e-02
2.600000000000000089e+00	1.221474999999999991e-02
2.620000000000000107e+00	1.328903000000000029e-02
2.640000000000000124e+00	1.382771000000000000e-02
2.660000000000000142e+00	1.381589000000000081e-02
2.680000000000000160e+00	1.312833000000000055e-02
2.700000000000000178e+00	1.152658499999999892e-02
2.720000000000000195e+00	9.269167000000000031e-03
2.740000000000000213e+00	6.788850000000000787e-03
2.759999999999999787e+00	4.509100000000000261e-03
2.779999999999999805e+00	2.546119999999999807e-03
2.799999999999999822e+00	7.798500000000003346e-04
2.819999999999999840e+00	-9.708799999999994865e-04
2.839999999999999858e+00	-2.770220000000000321e-03
2.859999999999999876e+00	-4.145370000000000651e-03
2.879999999999999893e+00	-4.841289999999999830e-03
2.899999999999999911e+00	-5.214339999999999600e-03
2.919999999999999929e+00	-5.589550000000000421e-03
2.939999999999999947e+00	-5.831960000000000616e-03
2.959999999999999964e+00	-6.138929999999999908e-03
2.979999999999999982e+00	-6.720102000000000367e-03
3.000000000000000000e+00	-7.530099999999999641e-03
3.020000000000000018e+00	-8.449889999999999832e-03
3.040000000000000036e+00	-9.368430000000000507e-03
3.060000000000000053e+00	-1.036325000000000093e-02
3.080000000000000071e+00	-1.123073999999999947e-02
3.100000000000000089e+00	-1.137022900000000079e-02
3.120000000000000107e+00	-1.031829299999999922e-02
3.140000000000000124e+00	-7.994559999999999514e-03
3.160000000000000142e+00	-4.313720000000000054e-03
3.180000000000000160e+00	5.908199999999997135e-04
3.200000000000000178e+00	5.700980000000000457e-03
3.220000000000000195e+00	1.000753000000000059e-02
3.240000000000000213e+00	1.331575999999999940e-02
3.259999999999999787e+00	1.530134999999999829e-02
3.279999999999999805e+00	1.596387000000000153e-02
3.299999999999999822e+00	1.581754999999999967e-02
3.319999999999999840e+00	1.537669000000000015e-02
3.339999999999999858e+00	1.513669000000000125e-02
3.359999999999999876e+00	1.470758999999999955e-02
3.379999999999999893e+00	1.352710000000000024e-02
3.399999999999999911e+00	1.138809999999999996e-02
3.419999999999999929e+00	8.074620000000001102e-03
3.439999999999999947e+00	3.828289999999999818e-03
3.459999999999999964e+00	-4.434700000000000621e-04
3.479999999999999982e+00	-3.707461999999999910e-03
3.500000000000000000e+00	-5.594054999999999687e-03
3.520000000000000018e+00	-6.293931000000000005e-03
3.540000000000000036e+00	-6.135210000000000316e-03
3.560000000000000053e+00	-5.168439999999999840e-03
3.580000000000000071e+00	-3.526029999999999876e-03
3.600000000000000089e+00	-1.568102100000000072e-03
3.620000000000000107e+00	5.659699999999998413e-04
3.640000000000000124e+00	2.439750000000000078e-03
3.660000000000000142e+00	3.240069999999999409e-03
3.680000000000000160e+00	2.717209999999999851e-03
3.700000000000000178e+00	1.222839999999999778e-03
3.720000000000000195e+00	-1.018230000000000177e-03
3.740000000000000213e+00	-3.749040000000000358e-03
3.759999999999999787e+00	-6.752750000000000072e-03
3.779999999999999805e+00	-1.000335789999999905e-02
3.799999999999999822e+00	-1.338250000000000030e-02
3.819999999999999840e+00	-1.645533000000000065e-02
3.839999999999999858e+00	-1.861435999999999993e-02
3.859999999999999876e+00	-1.954863000000000087e-02
3.879999999999999893e+00	-1.904502999999999752e-02
3.899999999999999911e+00	-1.708273999999999904e-02
3.919999999999999929e+00	-1.431893999999999875e-02
3.939999999999999947e+00	-1.143030600000000119e-02
3.959999999999999964e+00	-8.442843999999999696e-03
3.979999999999999982e+00	-5.036600000000000452e-03
4.000000000000000000e+00	-1.265410000000000233e-03
4.019999999999999574e+00	2.356000000000000021e-03
4.040000000000000036e+00	5.414618999999999856e-03
4.059999999999999609e+00	7.819279999999999634e-03
4.080000000000000071e+00	9.466399999999999815e-03
4.099999999999999645e+00	1.004627999999999945e-02
4.120000000000000107e+00	9.486009999999999581e-03
4.139999999999999680e+00	8.177790000000000753e-03
4.160000000000000142e+00	6.632419999999999982e-03
4.179999999999999716e+00	5.109600000000000600e-03
4.200000000000000178e+00	3.844700000000000374e-03
4.219999999999999751e+00	3.097279999999999998e-03
4.240000000000000213e+00	2.959610000000000539e-03
4.259999999999999787e+00	3.222710000000000158e-03
4.280000000000000249e+00	3.504720000000000231e-03
4.299999999999999822e+00	3.676889999999999933e-03
4.320000000000000284e+00	3.669990000000000144e-03
4.339999999999999858e+00	3.319390000000000188e-03
4.360000000000000320e+00	2.629519999999999774e-03
4.379999999999999893e+00	1.812550000000000012e-03
4.400000000000000355e+00	8.644000000000004111e-04
4.419999999999999929e+00	-4.902100000000000381e-04
4.440000000000000391e+00	-2.309509999999999862e-03
4.459999999999999964e+00	-4.369946999999999894e-03
4.480000000000000426e+00	-6.129118000000000240e-03
4.500000000000000000e+00	-6.802970000000000197e-03
4.519999999999999574e+00	-6.001690000000000497e-03
4.540000000000000036e+00	-3.887299999999999783e-03
4.559999999999999609e+00	-8.140800000000000120e-04
4.580000000000000071e+00	2.765990000000000289e-03
4.599999999999999645e+00	6.313600000000000809e-03
4.620000000000000107e+00	9.058169999999999070e-03
4.639999999999999680e+00	1.026366000000000084e-02
4.660000000000000142e+00	9.771619999999999959e-03
4.679999999999999716e+00	8.022959999999999120e-03
4.700000000000000178e+00	5.779910000000000082e-03
4.719999999999999751e+00	3.660640000000000595e-03
4.740000000000000213e+00	1.793009999999999396e-03
4.759999999999999787e+00	1.349799999999998223e-04
4.780000000000000249e+00	-1.228939999999999547e-03
4.799999999999999822e+00	-2.340769999999998963e-03
4.820000000000000284e+00	-3.380880000000000170e-03
4.839999999999999858e+00	-4.515669999999999407e-03
4.860000000000000320e+00	-5.743159999999999758e-03
4.879999999999999893e+00	-6.889180000000000824e-03
4.900000000000000355e+00	-7.629879000000000001e-03
4.919999999999999929e+00	-7.749934999999999463e-03
4.940000000000000391e+00	-7.392860000000000230e-03
4.959999999999999964e+00	-6.741149999999999573e-03
4.980000000000000426e+00	-5.893719999999999862e-03
5.000000000000000000e+00	-5.075930000000000199e-03
5.019999999999999574e+00	-4.442677999999999384e-03
5.040000000000000036e+00	-3.897679999999999721e-03
5.059999999999999609e+00	-3.232080000000000022e-03
5.080000000000000071e+00	-2.301309999999999988e-03
5.099999999999999645e+00	-1.176840000000000178e-03
5.120000000000000107e+00	-6.201000000000123080e-05
5.139999999999999680e+00	1.036729999999999596e-03
5.160000000000000142e+00	2.418540000000001140e-03
5.179999999999999716e+00	4.261840000000000246e-03
5.200000000000000178e+00	6.375809999999999984e-03
5.219999999999999751e+00	8.432959999999999762e-03
5.240000000000000213e+00	1.015382000000000090e-02
5.259999999999999787e+00	1.129286699999999984e-02
5.280000000000000249e+00	1.161826199999999899e-02
5.299999999999999822e+00	1.099822100000000073e-02
5.320000000000000284e+00	9.553033000000000705e-03
5.339999999999999858e+00	7.687970000000000567e-03
5.360000000000000320e+00	5.773000000000000353e-03
5.379999999999999893e+00	3.942660000000000609e-03
5.400000000000000355e+00	2.325670000000000168e-03
5.419999999999999929e+00	1.154340000000000010e-03
5.440000000000000391e+00	4.756499999999999877e-04
5.459999999999999964e+00	4.941580000000000213e-05
5.480000000000000426e+00	-4.283720000000000518e-04
5.500000000000000000e+00	-1.201328999999999895e-03
5.519999999999999574e+00	-2.346669999999999919e-03
5.540000000000000036e+00	-3.738920000000000177e-03
5.559999999999999609e+00	-5.146930000000000081e-03
5.580000000000000071e+00	-6.376589999999999689e-03
5.599999999999999645e+00	-7.292299999999999824e-03
5.620000000000000107e+00	-7.711570000000000057e-03
5.639999999999999680e+00	-7.424260000000000234e-03
5.660000000000000142e+00	-6.405040000000000733e-03
5.679999999999999716e+00	-4.920339000000000136e-03
5.700000000000000178e+00	-3.338960000000000192e-03
5.719999999999999751e+00	-1.952079999999999701e-03
5.740000000000000213e+00	-9.867100000000000176e-04
5.759999999999999787e+00	-6.111099999999997784e-04
5.780000000000000249e+00	-8.720699999999995296e-04
5.799999999999999822e+00	-1.705710000000000472e-03
5.820000000000000284e+00	-2.901879999999999911e-03
5.839999999999999858e+00	-4.147169999999999503e-03
5.860000000000000320e+00	-5.092630999999999374e-03
5.879999999999999893e+00	-5.407292999999999648e-03
5.900000000000000355e+00	-4.916003000000000386e-03
5.919999999999999929e+00	-3.792629999999999960e-03
5.940000000000000391e+00	-2.411579999999999974e-03
5.959999999999999964e+00	-1.005869999999999855e-03
5.980000000000000426e+00	3.776500000000002077e-04
6.000000000000000000e+00	1.794910000000000038e-03
6.019999999999999574e+00	3.160875999999999963e-03
6.040000000000000036e+00	4.308089999999999663e-03
6.059999999999999609e+00	5.204610000000000139e-03
6.080000000000000071e+00	5.971979999999999997e-03
6.099999999999999645e+00	6.699164999999999981e-03
6.120000000000000107e+00	7.336770999999999744e-03
6.139999999999999680e+00	7.757957000000000221e-03
6.160000000000000142e+00	7.926070199999999538e-03
6.179999999999999716e+00	7.984127000000000585e-03
6.200000000000000178e+00	8.056990999999999459e-03
6.219999999999999751e+00	8.144759999999999153e-03
6.240000000000000213e+00	8.225701799999998731e-03
6.259999999999999787e+00	8.282061000000000284e-03
6.280000000000000249e+00	8.252390000000000073e-03
6.299999999999999822e+00	8.065380000000000466e-03
6.320000000000000284e+00	7.637109999999999038e-03
6.339999999999999858e+00	6.895939999999999709e-03
6.360000000000000320e+00	5.762989999999999953e-03
6.379999999999999893e+00	4.145257999999999755e-03
6.400000000000000355e+00	2.070125999999999824e-03
6.419999999999999929e+00	-2.845500000000001674e-04
6.440000000000000391e+00	-2.720450000000000125e-03
6.459999999999999964e+00	-5.092789999999999817e-03
6.480000000000000426e+00	-7.269363000000000040e-03
6.500000000000000000e+00	-9.074948600000000420e-03
6.519999999999999574e+00	-1.040604800000000107e-02
6.540000000000000036e+00	-1.133559099999999903e-02
6.559999999999999609e+00	-1.195184999999999997e-02
6.580000000000000071e+00	-1.230896000000000073e-02
6.599999999999999645e+00	-1.244177999999999951e-02
6.620000000000000107e+00	-1.223422000000000051e-02
6.639999999999999680e+00	-1.160310999999999981e-02
6.660000000000000142e+00	-1.052010999999999918e-02
6.679999999999999716e+00	-9.096469999999998862e-03
6.700000000000000178e+00	-7.572920000000000346e-03
6.719999999999999751e+00	-6.053819999999999688e-03
6.740000000000000213e+00	-4.598480000000000276e-03
6.759999999999999787e+00	-3.208041000000000018e-03
6.780000000000000249e+00	-1.911373000000000065e-03
6.799999999999999822e+00	-7.803400000000000267e-04
6.820000000000000284e+00	1.656100000000000627e-04
6.839999999999999858e+00	9.122100000000001041e-04
6.860000000000000320e+00	1.439039999999999937e-03
6.879999999999999893e+00	1.716909999999999877e-03
6.900000000000000355e+00	1.738379999999999873e-03
6.919999999999999929e+00	1.588209999999999622e-03
6.940000000000000391e+00	1.404690000000000105e-03
6.959999999999999964e+00	1.358950000000000262e-03
6.980000000000000426e+00	1.601280000000000064e-03
7.000000000000000000e+00	2.168040000000000418e-03
7.019999999999999574e+00	2.965050000000000324e-03
7.040000000000000036e+00	3.872695999999999691e-03
7.059999999999999609e+00	4.851630000000000005e-03
7.080000000000000071e+00	5.870466000000000399e-03
7.099999999999999645e+00	6.896310000000000114e-03
7.120000000000000107e+00	7.849909999999999874e-03
7.139999999999999680e+00	8.599529999999999327e-03
7.160000000000000142e+00	9.004789999999998629e-03
7.179999999999999716e+00	8.942959999999999798e-03
7.200000000000000178e+00	8.350739999999998858e-03
7.219999999999999751e+00	7.330730000000000579e-03
7.240000000000000213e+00	6.067669999999999834e-03
7.259999999999999787e+00	4.668030000000000096e-03
7.280000000000000249e+00	3.146546000000000065e-03
7.299999999999999822e+00	1.485005999999999870e-03
7.320000000000000284e+00	-3.848299999999998510e-04
7.339999999999999858e+00	-2.521125999999999836e-03
7.360000000000000320e+00	-4.883204999999999837e-03
7.379999999999999893e+00	-7.401410000000000627e-03
7.400000000000000355e+00	-9.995840000000000627e-03
7.419999999999999929e+00	-1.251021999999999898e-02
7.440000000000000391e+00	-1.457711000000000076e-02
7.459999999999999964e+00	-1.575127999999999945e-02
7.480000000000000426e+00	-1.581977999999999857e-02
7.500000000000000000e+00	-1.481562999999999977e-02
7.519999999999999574e+00	-1.287546000000000003e-02
7.540000000000000036e+00	-1.020286000000000109e-02
7.559999999999999609e+00	-7.125610000000000104e-03
7.580000000000000071e+00	-3.992950000000000318e-03
7.599999999999999645e+00	-1.043693999999999959e-03
7.620000000000000107e+00	1.607509999999999929e-03
7.639999999999999680e+00	3.985446000000000127e-03
7.660000000000000142e+00	6.147500000000000187e-03
7.679999999999999716e+00	8.089209999999999456e-03
7.700000000000000178e+00	9.785770000000000926e-03
7.719999999999999751e+00	1.116557999999999960e-02
7.740000000000000213e+00	1.223416000000000087e-02
7.759999999999999787e+00	1.310684999999999975e-02
7.780000000000000249e+00	1.384398000000000052e-02
7.799999999999999822e+00	1.452641999999999996e-02
7.820000000000000284e+00	1.508530999999999934e-02
7.839999999999999858e+00	1.534326000000000093e-02
7.860000000000000320e+00	1.511472000000000163e-02
7.879999999999999893e+00	1.419296000000000099e-02
7.900000000000000355e+00	1.256569000000000089e-02
7.919999999999999929e+00	1.032953999999999990e-02
7.940000000000000391e+00	7.635379999999999771e-03
7.959999999999999964e+00	4.709569999999999729e-03
7.980000000000000426e+00	1.760571000000000054e-03
8.000000000000000000e+00	-9.921599999999999604e-04
8.019999999999999574e+00	-3.461790000000000180e-03
8.039999999999999147e+00	-5.592309999999999642e-03
8.060000000000000497e+00	-7.302680000000000629e-03
8.080000000000000071e+00	-8.634160000000000099e-03
8.099999999999999645e+00	-9.593140000000000001e-03
8.119999999999999218e+00	-1.019334000000000039e-02
8.140000000000000568e+00	-1.046973000000000001e-02
8.160000000000000142e+00	-1.045731999999999912e-02
8.179999999999999716e+00	-1.018033999999999953e-02
8.199999999999999289e+00	-9.587480000000000654e-03
8.220000000000000639e+00	-8.616389999999999813e-03
8.240000000000000213e+00	-7.221039999999999751e-03
8.259999999999999787e+00	-5.544809999999999843e-03
8.279999999999999361e+00	-3.801796000000000082e-03
8.300000000000000711e+00	-2.160777999999999918e-03
8.320000000000000284e+00	-8.398290000000000529e-04
8.339999999999999858e+00	-5.535000000000001724e-05
8.359999999999999432e+00	1.436750000000000093e-04
8.380000000000000782e+00	-4.963299999999999049e-05
8.400000000000000355e+00	-4.097299999999999684e-04
8.419999999999999929e+00	-7.636149999999999318e-04
8.439999999999999503e+00	-9.947520000000000060e-04
8.460000000000000853e+00	-1.035607999999999928e-03
8.480000000000000426e+00	-8.815019999999999366e-04
8.500000000000000000e+00	-5.361930000000000212e-04
8.519999999999999574e+00	7.759699999999999584e-05
8.539999999999999147e+00	1.067037999999999971e-03
8.560000000000000497e+00	2.414743999999999918e-03
8.580000000000000071e+00	3.953489999999999609e-03
8.599999999999999645e+00	5.380750000000000116e-03
8.619999999999999218e+00	6.387320000000000150e-03
8.640000000000000568e+00	6.783909999999999767e-03
8.660000000000000142e+00	6.503079999999999625e-03
8.679999999999999716e+00	5.671499999999999458e-03
8.699999999999999289e+00	4.563031999999999852e-03
8.720000000000000639e+00	3.441876999999999871e-03
8.740000000000000213e+00	2.290902999999999950e-03
8.759999999999999787e+00	9.540900000000001029e-04
8.779999999999999361e+00	-5.064500000000000859e-04
8.800000000000000711e+00	-1.863230000000000008e-03
8.820000000000000284e+00	-2.886730000000000112e-03
8.839999999999999858e+00	-3.537661000000000104e-03
8.859999999999999432e+00	-4.061089999999999839e-03
8.880000000000000782e+00	-4.654949999999999713e-03
8.900000000000000355e+00	-5.285269999999999899e-03
8.919999999999999929e+00	-5.799499999999999968e-03
8.939999999999999503e+00	-5.998009999999999800e-03
8.960000000000000853e+00	-5.818999999999999520e-03
8.980000000000000426e+00	-5.369546999999999688e-03
9.000000000000000000e+00	-4.858722599999999552e-03
9.019999999999999574e+00	-4.440954999999999903e-03
9.039999999999999147e+00	-4.062120000000000661e-03
9.060000000000000497e+00	-3.777340000000000558e-03
9.080000000000000071e+00	-3.624570000000000569e-03
9.099999999999999645e+00	-3.320610000000000315e-03
9.119999999999999218e+00	-2.749610000000000422e-03
9.140000000000000568e+00	-2.059350000000000156e-03
9.160000000000000142e+00	-1.408439999999999952e-03
9.179999999999999716e+00	-7.297600000000000874e-04
9.199999999999999289e+00	2.066600000000000034e-04
9.220000000000000639e+00	1.335773999999999859e-03
9.240000000000000213e+00	2.415167099999999782e-03
9.259999999999999787e+00	3.426321999999999875e-03
9.279999999999999361e+00	4.487940000000000158e-03
9.300000000000000711e+00	5.487549999999999893e-03
9.320000000000000284e+00	6.037849999999999988e-03
9.339999999999999858e+00	5.935179999999999970e-03
9.359999999999999432e+00	5.340700000000000308e-03
9.380000000000000782e+00	4.411840000000000206e-03
9.400000000000000355e+00	3.267544699999999636e-03
9.419999999999999929e+00	2.024833999999999662e-03
9.439999999999999503e+00	8.223800000000001595e-04
9.460000000000000853e+00	-1.389899999999998602e-04
9.480000000000000426e+00	-8.160299999999999238e-04
9.500000000000000000e+00	-1.227659999999999776e-03
9.519999999999999574e+00	-1.394590000000000239e-03
9.539999999999999147e+00	-1.365090000000000227e-03
9.560000000000000497e+00	-1.017059999999999969e-03
9.580000000000000071e+00	-2.466400000000000103e-04
9.599999999999999645e+00	7.588750000000001094e-04
9.619999999999999218e+00	1.731383420000000024e-03
9.640000000000000568e+00	2.530342000000000095e-03
9.660000000000000142e+00	3.133959999999999871e-03
9.679999999999999716e+00	3.528479999999999638e-03
9.699999999999999289e+00	3.736370000000000142e-03
9.720000000000000639e+00	3.930229999999999835e-03
9.740000000000000213e+00	4.140369999999999988e-03
9.759999999999999787e+00	4.150588000000000194e-03
9.779999999999999361e+00	3.803010900000000204e-03
9.800000000000000711e+00	3.176619000000000317e-03
9.820000000000000284e+00	2.395284000000000128e-03
9.839999999999999858e+00	1.455969999999999790e-03
9.859999999999999432e+00	4.321600000000000094e-04
9.880000000000000782e+00	-5.686800000000002270e-04
9.900000000000000355e+00	-1.576230000000000079e-03
9.919999999999999929e+00	-2.721043000000000246e-03
9.939999999999999503e+00	-3.988166999999999927e-03
9.960000000000000853e+00	-5.143349999999999658e-03
9.980000000000000426e+00	-6.059679999999999581e-03
1.000000000000000000e+01	-6.841950000000000288e-03
1.001999999999999957e+01	-7.565799999999999262e-03
1.003999999999999915e+01	-8.083569999999999992e-03
1.006000000000000050e+01	-8.244580000000001352e-03
1.008000000000000007e+01	-8.015569999999999640e-03
1.009999999999999964e+01	-7.402195999999999776e-03
1.011999999999999922e+01	-6.510801000000000088e-03
1.014000000000000057e+01	-5.458600000000000084e-03
1.016000000000000014e+01	-4.260399999999999257e-03
1.017999999999999972e+01	-2.899189999999999840e-03
1.019999999999999929e+01	-1.394290000000000286e-03
1.022000000000000064e+01	1.097300000000005910e-04
1.024000000000000021e+01	1.482050000000000381e-03
1.025999999999999979e+01	2.774110000000000638e-03
1.027999999999999936e+01	4.013759999999999897e-03
1.030000000000000071e+01	5.131300000000000097e-03
1.032000000000000028e+01	6.134790000000000208e-03
1.033999999999999986e+01	7.052091999999999389e-03
1.035999999999999943e+01	7.841402000000000788e-03
1.038000000000000078e+01	8.440180000000000252e-03
1.040000000000000036e+01	8.804859999999999423e-03
1.041999999999999993e+01	8.940800000000000483e-03
1.043999999999999950e+01	8.916999999999999579e-03
1.046000000000000085e+01	8.794490000000000293e-03
1.048000000000000043e+01	8.533370000000000191e-03
1.050000000000000000e+01	8.141610000000000513e-03
1.051999999999999957e+01	7.648079999999999809e-03
1.053999999999999915e+01	7.012468999999999474e-03
1.056000000000000050e+01	6.241514999999999563e-03
1.058000000000000007e+01	5.355079999999999910e-03
1.059999999999999964e+01	4.394640000000000005e-03
1.061999999999999922e+01	3.444790000000000092e-03
1.064000000000000057e+01	2.519959999999999908e-03
1.066000000000000014e+01	1.527620000000000366e-03
1.067999999999999972e+01	3.493999999999997108e-04
1.069999999999999929e+01	-1.055340000000000097e-03
1.072000000000000064e+01	-2.597430000000000398e-03
1.074000000000000021e+01	-4.109830000000000080e-03
1.075999999999999979e+01	-5.510410000000000308e-03
1.077999999999999936e+01	-6.869399999999999465e-03
1.080000000000000071e+01	-8.231559999999998878e-03
1.082000000000000028e+01	-9.512631000000000558e-03
1.083999999999999986e+01	-1.055298999999999821e-02
1.085999999999999943e+01	-1.120016000000000067e-02
1.088000000000000078e+01	-1.139179000000000060e-02
1.090000000000000036e+01	-1.114428999999999940e-02
1.091999999999999993e+01	-1.049514999999999997e-02
1.093999999999999950e+01	-9.545690000000000772e-03
1.096000000000000085e+01	-8.435960000000001027e-03
1.098000000000000043e+01	-7.197109999999999619e-03
1.100000000000000000e+01	-5.758120000000000252e-03
1.101999999999999957e+01	-4.103779999999999581e-03
1.103999999999999915e+01	-2.311590000000000086e-03
1.106000000000000050e+01	-4.464099999999999492e-04
1.108000000000000007e+01	1.453990000000000274e-03
1.109999999999999964e+01	3.329091000000000168e-03
1.111999999999999922e+01	5.084830999999999726e-03
1.114000000000000057e+01	6.638381000000000490e-03
1.116000000000000014e+01	7.913959999999999398e-03
1.117999999999999972e+01	8.821050000000000418e-03
1.119999999999999929e+01	9.319710000000000147e-03
1.122000000000000064e+01	9.409080000000000221e-03
1.124000000000000021e+01	9.095149999999999763e-03
1.125999999999999979e+01	8.390079999999999413e-03
1.127999999999999936e+01	7.320606000000000335e-03
1.130000000000000071e+01	6.000353600000000141e-03
1.132000000000000028e+01	4.610876999999999337e-03
1.133999999999999986e+01	3.291629999999999816e-03
1.135999999999999943e+01	2.090940000000000333e-03
1.138000000000000078e+01	1.021109999999999986e-03
1.140000000000000036e+01	5.360999999999994242e-05
1.141999999999999993e+01	-8.724399999999999343e-04
1.143999999999999950e+01	-1.767655000000000138e-03
1.146000000000000085e+01	-2.548124000000000135e-03
1.148000000000000043e+01	-3.132870000000000273e-03
1.150000000000000000e+01	-3.546619999999999894e-03
1.151999999999999957e+01	-3.882342999999999905e-03
1.153999999999999915e+01	-4.238968000000000076e-03
1.156000000000000050e+01	-4.670490600000000436e-03
1.158000000000000007e+01	-5.202244999999999439e-03
1.159999999999999964e+01	-5.844294999999999352e-03
1.161999999999999922e+01	-6.575321999999999764e-03
1.164000000000000057e+01	-7.392725999999999638e-03
1.166000000000000014e+01	-8.309672000000000586e-03
1.167999999999999972e+01	-9.319810999999999027e-03
1.169999999999999929e+01	-1.035028999999999984e-02
1.172000000000000064e+01	-1.123319000000000054e-02
1.174000000000000021e+01	-1.175385000000000145e-02
1.175999999999999979e+01	-1.170646000000000013e-02
1.177999999999999936e+01	-1.097786000000000074e-02
1.180000000000000071e+01	-9.610080000000000011e-03
1.182000000000000028e+01	-7.756779999999999578e-03
1.183999999999999986e+01	-5.603879999999999452e-03
1.185999999999999943e+01	-3.309794000000000017e-03
1.188000000000000078e+01	-9.706460000000000305e-04
1.190000000000000036e+01	1.412292000000000105e-03
1.191999999999999993e+01	3.879239999999999945e-03
1.193999999999999950e+01	6.389040000000000344e-03
1.196000000000000085e+01	8.734099999999999850e-03
1.198000000000000043e+01	1.063074999999999957e-02
1.200000000000000000e+01	1.194778999999999980e-02
1.201999999999999957e+01	1.273864999999999893e-02
1.203999999999999915e+01	1.314917999999999990e-02
1.206000000000000050e+01	1.327454000000000134e-02
1.208000000000000007e+01	1.310552000000000071e-02
1.209999999999999964e+01	1.255859999999999962e-02
1.211999999999999922e+01	1.151852000000000084e-02
1.214000000000000057e+01	9.969650000000000040e-03
1.216000000000000014e+01	8.025710000000000136e-03
1.217999999999999972e+01	5.861562000000000716e-03
1.219999999999999929e+01	3.708878000000000088e-03
1.222000000000000064e+01	1.836540000000000004e-03
1.224000000000000021e+01	4.478400000000001303e-04
1.225999999999999979e+01	-4.166299999999998650e-04
1.227999999999999936e+01	-8.660600000000000936e-04
1.230000000000000071e+01	-1.003107000000000044e-03
1.232000000000000028e+01	-8.639150000000000388e-04
1.233999999999999986e+01	-4.774635000000000272e-04
1.235999999999999943e+01	9.646299999999997411e-05
1.238000000000000078e+01	7.568390000000000360e-04
1.240000000000000036e+01	1.368608000000000107e-03
1.241999999999999993e+01	1.776497000000000145e-03
1.243999999999999950e+01	1.880030000000000199e-03
1.246000000000000085e+01	1.661170000000000008e-03
1.248000000000000043e+01	1.148349999999999805e-03
1.250000000000000000e+01	4.017600000000001378e-04
1.251999999999999957e+01	-4.689899999999998584e-04
1.253999999999999915e+01	-1.336039999999999710e-03
1.256000000000000050e+01	-2.126660000000000269e-03
1.258000000000000007e+01	-2.851919999999999976e-03
1.259999999999999964e+01	-3.546940000000000596e-03
1.261999999999999922e+01	-4.217680000000000561e-03
1.264000000000000057e+01	-4.846650000000000090e-03
1.266000000000000014e+01	-5.390919999999999566e-03
1.267999999999999972e+01	-5.786753000000000383e-03
1.269999999999999929e+01	-5.992353700000000415e-03
1.272000000000000064e+01	-5.999866000000000400e-03
1.274000000000000021e+01	-5.808730000000000664e-03
1.275999999999999979e+01	-5.461709999999999829e-03
1.277999999999999936e+01	-5.039609999999999923e-03
1.280000000000000071e+01	-4.606569999999999936e-03
1.282000000000000028e+01	-4.162948799999999921e-03
1.283999999999999986e+01	-3.684170000000000500e-03
1.285999999999999943e+01	-3.181250000000000050e-03
1.288000000000000078e+01	-2.670269999999999762e-03
1.290000000000000036e+01	-2.150050000000000572e-03
1.291999999999999993e+01	-1.578480000000000161e-03
1.293999999999999950e+01	-8.868899999999995537e-04
1.296000000000000085e+01	-2.613999999999915003e-05
1.298000000000000043e+01	9.800299999999997902e-04
1.300000000000000000e+01	2.047160000000000125e-03
1.301999999999999957e+01	3.093249999999999646e-03
1.303999999999999915e+01	4.070499999999999466e-03
1.306000000000000050e+01	4.955899999999999195e-03
1.308000000000000007e+01	5.732700000000000295e-03
1.309999999999999964e+01	6.389790000000001094e-03
1.311999999999999922e+01	6.903680000000000580e-03
1.314000000000000057e+01	7.248700999999998888e-03
1.316000000000000014e+01	7.429716000000000271e-03
1.317999999999999972e+01	7.466320000000000248e-03
1.319999999999999929e+01	7.323409999999999816e-03
1.322000000000000064e+01	6.918540000000000800e-03
1.324000000000000021e+01	6.237130000000000452e-03
1.325999999999999979e+01	5.390964300000000362e-03
1.327999999999999936e+01	4.500999999999999793e-03
1.330000000000000071e+01	3.598999999999999769e-03
1.332000000000000028e+01	2.675839999999999642e-03
1.333999999999999986e+01	1.720119999999999462e-03
1.335999999999999943e+01	6.822899999999994594e-04
1.338000000000000078e+01	-4.828200000000001241e-04
1.340000000000000036e+01	-1.743009999999999698e-03
1.341999999999999993e+01	-2.999360000000000394e-03
1.343999999999999950e+01	-4.146600000000001153e-03
1.346000000000000085e+01	-5.126019999999999362e-03
1.348000000000000043e+01	-5.945110000000000845e-03
1.350000000000000000e+01	-6.684339999999999553e-03
1.351999999999999957e+01	-7.430700000000001020e-03
1.353999999999999915e+01	-8.206259999999999943e-03
1.356000000000000050e+01	-8.955710000000000406e-03
1.358000000000000007e+01	-9.582389999999999658e-03
1.359999999999999964e+01	-9.999144229999999689e-03
1.361999999999999922e+01	-1.016335799999999907e-02
1.364000000000000057e+01	-1.006160999999999861e-02
1.366000000000000014e+01	-9.672840000000000257e-03
1.367999999999999972e+01	-8.985689999999999303e-03
1.369999999999999929e+01	-8.002000000000000432e-03
1.372000000000000064e+01	-6.733219999999999830e-03
1.374000000000000021e+01	-5.204890000000000211e-03
1.375999999999999979e+01	-3.470934000000000172e-03
1.377999999999999936e+01	-1.615437999999999857e-03
1.380000000000000071e+01	2.890300000000000161e-04
1.382000000000000028e+01	2.194220000000000198e-03
1.383999999999999986e+01	4.061719999999999567e-03
1.385999999999999943e+01	5.841819999999999305e-03
1.388000000000000078e+01	7.459875000000000360e-03
1.390000000000000036e+01	8.819969000000000420e-03
1.391999999999999993e+01	9.821141000000000246e-03
1.393999999999999950e+01	1.042655600000000002e-02
1.396000000000000085e+01	1.067148499999999965e-02
1.398000000000000043e+01	1.059389200000000059e-02
1.400000000000000000e+01	1.022640840000000120e-02
1.401999999999999957e+01	9.600622999999999102e-03
1.403999999999999915e+01	8.749345999999999859e-03
1.406000000000000050e+01	7.715812000000000712e-03
1.408000000000000007e+01	6.544299999999999423e-03
1.409999999999999964e+01	5.283160000000000286e-03
1.411999999999999922e+01	3.978230000000000134e-03
1.414000000000000057e+01	2.668510000000000239e-03
1.416000000000000014e+01	1.396469999999999916e-03
1.417999999999999972e+01	1.975900000000000920e-04
1.419999999999999929e+01	-9.095999999999999919e-04
1.422000000000000064e+01	-1.923869000000000143e-03
1.424000000000000021e+01	-2.870460000000000025e-03
1.425999999999999979e+01	-3.770679999999999778e-03
1.427999999999999936e+01	-4.637989999999999821e-03
1.430000000000000071e+01	-5.499040000000000178e-03
1.432000000000000028e+01	-6.370421999999999717e-03
1.433999999999999986e+01	-7.243916999999999891e-03
1.435999999999999943e+01	-8.098905999999999467e-03
1.438000000000000078e+01	-8.909527000000000418e-03
1.440000000000000036e+01	-9.625799000000000855e-03
1.441999999999999993e+01	-1.018367000000000057e-02
1.443999999999999950e+01	-1.052793999999999952e-02
1.446000000000000085e+01	-1.060873999999999845e-02
1.448000000000000043e+01	-1.039270999999999945e-02
1.450000000000000000e+01	-9.868620000000001558e-03
1.451999999999999957e+01	-9.039820000000000494e-03
1.453999999999999915e+01	-7.923079999999999012e-03
1.456000000000000050e+01	-6.560999999999999992e-03
1.458000000000000007e+01	-5.000695999999999787e-03
1.459999999999999964e+01	-3.286652999999999623e-03
1.461999999999999922e+01	-1.478867999999999936e-03
1.464000000000000057e+01	3.359420000000000440e-04
1.466000000000000014e+01	2.097911999999999954e-03
1.467999999999999972e+01	3.805545100000000056e-03
1.469999999999999929e+01	5.470814999999999532e-03
1.472000000000000064e+01	7.093597000000000097e-03
1.474000000000000021e+01	8.649344000000001517e-03
1.475999999999999979e+01	1.008165999999999923e-02
1.477999999999999936e+01	1.132721999999999896e-02
1.480000000000000071e+01	1.235425999999999885e-02
1.482000000000000028e+01	1.314092000000000038e-02
1.483999999999999986e+01	1.363258999999999999e-02
1.485999999999999943e+01	1.374536000000000160e-02
1.488000000000000078e+01	1.346192000000000048e-02
1.490000000000000036e+01	1.284083999999999920e-02
1.491999999999999993e+01	1.195301999999999996e-02
1.493999999999999950e+01	1.083871999999999960e-02
1.496000000000000085e+01	9.541439999999999991e-03
1.498000000000000043e+01	8.136469999999999814e-03
1.500000000000000000e+01	6.682899999999999431e-03
1.501999999999999957e+01	5.210369999999999759e-03
1.503999999999999915e+01	3.746980000000000015e-03
1.506000000000000050e+01	2.312470000000000064e-03
1.508000000000000007e+01	8.900199999999998304e-04
1.509999999999999964e+01	-5.401899999999998543e-04
1.511999999999999922e+01	-1.959129999999999899e-03
1.514000000000000057e+01	-3.323529999999999887e-03
1.516000000000000014e+01	-4.612849999999999936e-03
1.517999999999999972e+01	-5.809614000000000271e-03
1.519999999999999929e+01	-6.871959999999999874e-03
1.522000000000000064e+01	-7.765225299999999400e-03
1.524000000000000021e+01	-8.481393000000000265e-03
1.525999999999999979e+01	-9.031743999999999536e-03
1.527999999999999936e+01	-9.422250000000000070e-03
1.530000000000000071e+01	-9.658899999999999778e-03
1.532000000000000028e+01	-9.752749999999999267e-03
1.533999999999999986e+01	-9.681959999999999872e-03
1.535999999999999943e+01	-9.408690000000000803e-03
1.538000000000000078e+01	-8.917229999999999948e-03
1.540000000000000036e+01	-8.241560000000000205e-03
1.541999999999999993e+01	-7.447389999999999913e-03
1.543999999999999950e+01	-6.612309999999999716e-03
1.546000000000000085e+01	-5.792860000000000370e-03
1.548000000000000043e+01	-5.001789999999999882e-03
1.550000000000000000e+01	-4.245421000000000090e-03
1.551999999999999957e+01	-3.493256999999999612e-03
1.553999999999999915e+01	-2.667409999999999400e-03
1.556000000000000050e+01	-1.677510000000000112e-03
1.558000000000000007e+01	-4.637399999999998121e-04
1.559999999999999964e+01	9.783099999999995966e-04
1.561999999999999922e+01	2.619880000000000212e-03
1.564000000000000057e+01	4.406329999999999969e-03
1.566000000000000014e+01	6.244030000000000240e-03
1.567999999999999972e+01	8.012800999999999951e-03
1.569999999999999929e+01	9.601079000000000210e-03
1.572000000000000064e+01	1.091066999999999905e-02
1.574000000000000021e+01	1.182702000000000059e-02
1.575999999999999979e+01	1.221753999999999896e-02
1.577999999999999936e+01	1.202152999999999902e-02
1.580000000000000071e+01	1.128246999999999930e-02
1.582000000000000028e+01	1.008260000000000059e-02
1.583999999999999986e+01	8.516370000000000537e-03
1.585999999999999943e+01	6.704929999999999571e-03
1.588000000000000078e+01	4.781630000000000255e-03
1.590000000000000036e+01	2.843769999999999805e-03
1.591999999999999993e+01	9.598779999999999465e-04
1.593999999999999950e+01	-8.177600000000000580e-04
1.596000000000000085e+01	-2.474249999999999887e-03
1.598000000000000043e+01	-3.997910000000000352e-03
1.600000000000000000e+01	-5.360340999999999370e-03
1.601999999999999957e+01	-6.554795999999999886e-03
1.603999999999999915e+01	-7.600177999999999101e-03
1.605999999999999872e+01	-8.509889999999999122e-03
1.607999999999999829e+01	-9.276473999999999831e-03
1.610000000000000142e+01	-9.860328499999999538e-03
1.612000000000000099e+01	-1.020335730000000024e-02
1.614000000000000057e+01	-1.026545623000000088e-02
1.616000000000000014e+01	-1.003411499999999970e-02
1.617999999999999972e+01	-9.522769999999999846e-03
1.619999999999999929e+01	-8.765827999999999814e-03
1.621999999999999886e+01	-7.809882999999999235e-03
1.623999999999999844e+01	-6.689230000000000002e-03
1.626000000000000156e+01	-5.431449999999999993e-03
1.628000000000000114e+01	-4.076360000000000226e-03
1.630000000000000071e+01	-2.688499999999999918e-03
1.632000000000000028e+01	-1.328580000000000212e-03
1.633999999999999986e+01	-3.567999999999973970e-05
1.635999999999999943e+01	1.138379999999999817e-03
1.637999999999999901e+01	2.146376000000000187e-03
1.639999999999999858e+01	2.985721000000000208e-03
1.642000000000000171e+01	3.672560000000000061e-03
1.644000000000000128e+01	4.186129999999999712e-03
1.646000000000000085e+01	4.504650000000000667e-03
1.648000000000000043e+01	4.650229999999999989e-03
1.650000000000000000e+01	4.680201000000000153e-03
1.651999999999999957e+01	4.670442000000000343e-03
1.653999999999999915e+01	4.677917999999999660e-03
1.655999999999999872e+01	4.729350000000000220e-03
1.657999999999999829e+01	4.842070000000000402e-03
1.660000000000000142e+01	5.013500000000000595e-03
1.662000000000000099e+01	5.227030000000000565e-03
1.664000000000000057e+01	5.440180000000000189e-03
1.666000000000000014e+01	5.570680000000000597e-03
1.667999999999999972e+01	5.541439999999999907e-03
1.669999999999999929e+01	5.324209999999999360e-03
1.671999999999999886e+01	4.945729999999999744e-03
1.673999999999999844e+01	4.441969999999999946e-03
1.676000000000000156e+01	3.825920000000000015e-03
1.678000000000000114e+01	3.098809999999999586e-03
1.680000000000000071e+01	2.265369999999999624e-03
1.682000000000000028e+01	1.343860000000000107e-03
1.683999999999999986e+01	3.832100000000001477e-04
1.685999999999999943e+01	-5.707000000000001568e-04
1.687999999999999901e+01	-1.494265999999999954e-03
1.689999999999999858e+01	-2.390848000000000105e-03
1.692000000000000171e+01	-3.268560000000000215e-03
1.694000000000000128e+01	-4.107490000000000099e-03
1.696000000000000085e+01	-4.881688000000000346e-03
1.698000000000000043e+01	-5.568068999999999276e-03
1.700000000000000000e+01	-6.145665999999999282e-03
1.701999999999999957e+01	-6.587388999999999918e-03
1.703999999999999915e+01	-6.852879999999999562e-03
1.705999999999999872e+01	-6.902179999999999947e-03
1.707999999999999829e+01	-6.702465000000000332e-03
1.710000000000000142e+01	-6.235724999999999255e-03
1.712000000000000099e+01	-5.506288099999999408e-03
1.714000000000000057e+01	-4.531695999999999988e-03
1.716000000000000014e+01	-3.361377999999999935e-03
1.717999999999999972e+01	-2.084309999999999809e-03
1.719999999999999929e+01	-7.870900000000002721e-04
1.721999999999999886e+01	4.425300000000000067e-04
1.723999999999999844e+01	1.516829999999999828e-03
1.726000000000000156e+01	2.377891999999999940e-03
1.728000000000000114e+01	3.002100000000000168e-03
1.730000000000000071e+01	3.394809999999999842e-03
1.732000000000000028e+01	3.580712000000000218e-03
1.733999999999999986e+01	3.603564999999999980e-03
1.735999999999999943e+01	3.528476000000000008e-03
1.737999999999999901e+01	3.432252999999999693e-03
1.739999999999999858e+01	3.376097999999999686e-03
1.742000000000000171e+01	3.378669999999999417e-03
1.744000000000000128e+01	3.442469999999999558e-03
1.746000000000000085e+01	3.573709999999999908e-03
1.748000000000000043e+01	3.770989999999999672e-03
1.750000000000000000e+01	4.026119999999999352e-03
1.751999999999999957e+01	4.324180999999999858e-03
1.753999999999999915e+01	4.638286000000000145e-03
1.755999999999999872e+01	4.934385999999999807e-03
1.757999999999999829e+01	5.195553999999999797e-03
1.760000000000000142e+01	5.402360000000000148e-03
1.762000000000000099e+01	5.530909999999999993e-03
1.764000000000000057e+01	5.564720000000000430e-03
1.766000000000000014e+01	5.473389999999999853e-03
1.767999999999999972e+01	5.210529999999999676e-03
1.769999999999999929e+01	4.725130000000000129e-03
1.771999999999999886e+01	3.994660000000000571e-03
1.773999999999999844e+01	3.052112999999999961e-03
1.776000000000000156e+01	1.968358999999999821e-03
1.778000000000000114e+01	8.092400000000001328e-04
1.780000000000000071e+01	-3.707499999999999858e-04
1.782000000000000028e+01	-1.520370000000000055e-03
1.783999999999999986e+01	-2.597519999999999864e-03
1.785999999999999943e+01	-3.582130000000000210e-03
1.787999999999999901e+01	-4.457179999999999823e-03
1.789999999999999858e+01	-5.197459000000000627e-03
1.792000000000000171e+01	-5.791735999999999586e-03
1.794000000000000128e+01	-6.253173700000000564e-03
1.796000000000000085e+01	-6.600912999999999919e-03
1.798000000000000043e+01	-6.839009999999999534e-03
1.800000000000000000e+01	-6.950067999999999351e-03
1.801999999999999957e+01	-6.893707000000000654e-03
1.803999999999999915e+01	-6.646899999999999857e-03
1.805999999999999872e+01	-6.212190000000000246e-03
1.807999999999999829e+01	-5.586999999999999952e-03
1.810000000000000142e+01	-4.772331999999999790e-03
1.812000000000000099e+01	-3.812850999999999914e-03
1.814000000000000057e+01	-2.784404000000000306e-03
1.816000000000000014e+01	-1.751053000000000028e-03
1.817999999999999972e+01	-7.517827000000000147e-04
1.819999999999999929e+01	1.834060999999999786e-04
1.821999999999999886e+01	1.015304999999999984e-03
1.823999999999999844e+01	1.695792000000000219e-03
1.826000000000000156e+01	2.194718999999999923e-03
1.828000000000000114e+01	2.511031999999999847e-03
1.830000000000000071e+01	2.668854999999999925e-03
1.832000000000000028e+01	2.705382000000000099e-03
1.833999999999999986e+01	2.664828099999999762e-03
1.835999999999999943e+01	2.589299999999999675e-03
1.837999999999999901e+01	2.501344999999999871e-03
1.839999999999999858e+01	2.409352000000000021e-03
1.842000000000000171e+01	2.304373999999999659e-03
1.844000000000000128e+01	2.167542000000000166e-03
1.846000000000000085e+01	2.007413999999999900e-03
1.848000000000000043e+01	1.851026000000000190e-03
1.850000000000000000e+01	1.715703999999999754e-03
1.851999999999999957e+01	1.602417999999999985e-03
1.853999999999999915e+01	1.496571399999999845e-03
1.855999999999999872e+01	1.368559000000000095e-03
1.857999999999999829e+01	1.175934999999999914e-03
1.860000000000000142e+01	8.814429999999999835e-04
1.862000000000000099e+01	4.579760000000000211e-04
1.864000000000000057e+01	-1.056860000000000178e-04
1.866000000000000014e+01	-8.023529999999998987e-04
1.867999999999999972e+01	-1.598711999999999963e-03
1.869999999999999929e+01	-2.451742949999999917e-03
1.871999999999999886e+01	-3.325040999999999934e-03
1.873999999999999844e+01	-4.170046000000000169e-03
1.876000000000000156e+01	-4.929295999999999678e-03
1.878000000000000114e+01	-5.548163999999999527e-03
1.880000000000000071e+01	-5.993210000000000551e-03
1.882000000000000028e+01	-6.254209999999999631e-03
1.883999999999999986e+01	-6.341980000000000534e-03
1.885999999999999943e+01	-6.274570000000000147e-03
1.887999999999999901e+01	-6.057689999999999256e-03
1.889999999999999858e+01	-5.693049999999999847e-03
1.892000000000000171e+01	-5.193080000000000092e-03
1.894000000000000128e+01	-4.569909999999999944e-03
1.896000000000000085e+01	-3.831220000000000198e-03
1.898000000000000043e+01	-2.991880000000000147e-03
1.900000000000000000e+01	-2.070507999999999984e-03
1.901999999999999957e+01	-1.086436000000000086e-03
1.903999999999999915e+01	-5.963799999999998703e-05
1.905999999999999872e+01	9.870820000000000202e-04
1.907999999999999829e+01	2.023897000000000196e-03
1.910000000000000142e+01	3.016324999999999822e-03
1.912000000000000099e+01	3.933118000000000204e-03
1.914000000000000057e+01	4.745033999999999537e-03
1.916000000000000014e+01	5.426220000000000696e-03
1.917999999999999972e+01	5.957859999999999719e-03
1.919999999999999929e+01	6.331690000000000061e-03
1.921999999999999886e+01	6.548899999999999860e-03
1.923999999999999844e+01	6.615649999999999829e-03
1.926000000000000156e+01	6.545179999999999401e-03
1.928000000000000114e+01	6.358390000000000222e-03
1.930000000000000071e+01	6.076369999999999341e-03
1.932000000000000028e+01	5.715500000000000094e-03
1.933999999999999986e+01	5.289630000000000026e-03
1.935999999999999943e+01	4.808620000000000429e-03
1.937999999999999901e+01	4.279350000000000341e-03
1.939999999999999858e+01	3.709706000000000115e-03
1.942000000000000171e+01	3.111028000000000057e-03
1.944000000000000128e+01	2.495724999999999853e-03
1.946000000000000085e+01	1.877671000000000028e-03
1.948000000000000043e+01	1.270292000000000122e-03
1.950000000000000000e+01	6.845009999999999029e-04
1.951999999999999957e+01	1.299369999999999995e-04
1.953999999999999915e+01	-3.848860000000000822e-04
1.955999999999999872e+01	-8.533660999999999677e-04
1.957999999999999829e+01	-1.271397600000000053e-03
1.960000000000000142e+01	-1.636063400000000020e-03
1.962000000000000099e+01	-1.945214899999999887e-03
1.964000000000000057e+01	-2.197898899999999652e-03
1.966000000000000014e+01	-2.392192000000000016e-03
1.967999999999999972e+01	-2.525439999999999890e-03
1.969999999999999929e+01	-2.596408999999999610e-03
1.971999999999999886e+01	-2.605717000000000016e-03
1.973999999999999844e+01	-2.555566000000000001e-03
1.976000000000000156e+01	-2.448779199999999955e-03
1.978000000000000114e+01	-2.288657600000000136e-03
1.980000000000000071e+01	-2.079147800000000212e-03
1.982000000000000028e+01	-1.824628399999999933e-03
1.983999999999999986e+01	-1.529365100000000012e-03
1.985999999999999943e+01	-1.197712180000000013e-03
1.987999999999999901e+01	-8.342878700000000642e-04
1.989999999999999858e+01	-4.442062999999999893e-04
1.992000000000000171e+01	-3.324820000000000466e-05
1.994000000000000128e+01	3.916982999999999967e-04
1.996000000000000085e+01	8.222517999999999190e-04
1.998000000000000043e+01	1.248504799999999946e-03
2.000000000000000000e+01	1.659477500000000084e-03
