0.000000000000000000e+00	0.000000000000000000e+00
2.000000000000000042e-02	9.706901612249999760e-07
4.000000000000000083e-02	-3.600056895079999797e-06
5.999999999999999778e-02	6.638148975999999806e-06
8.000000000000000167e-02	3.351875371499999908e-05
1.000000000000000056e-01	3.962150188100000125e-05
1.199999999999999956e-01	2.373284685000000204e-05
1.400000000000000133e-01	-1.289448015900000051e-05
1.600000000000000033e-01	-7.407951648299999751e-05
1.799999999999999933e-01	-1.456814944749999980e-04
2.000000000000000111e-01	-2.168804436659999859e-04
2.200000000000000011e-01	-2.999841698899999558e-04
2.399999999999999911e-01	-3.946659216799999976e-04
2.600000000000000089e-01	-4.747285098000000110e-04
2.800000000000000266e-01	-5.667895747999999664e-04
2.999999999999999889e-01	-7.150435761000000119e-04
3.200000000000000067e-01	-8.527846980000000155e-04
3.400000000000000244e-01	-9.786983109999999094e-04
3.599999999999999867e-01	-1.129800400999999947e-03
3.800000000000000044e-01	-1.276697440000000008e-03
4.000000000000000222e-01	-1.394236560000000017e-03
4.199999999999999845e-01	-1.483105690000000032e-03
4.400000000000000022e-01	-1.560106380000000122e-03
4.600000000000000200e-01	-1.603850772000000148e-03
4.799999999999999822e-01	-1.579824170000000043e-03
5.000000000000000000e-01	-1.452232799999999971e-03
5.200000000000000178e-01	-1.233889099999999983e-03
5.400000000000000355e-01	-9.831631000000000398e-04
5.600000000000000533e-01	-7.764173000000000515e-04
5.799999999999999600e-01	-6.193060000000000231e-04
5.999999999999999778e-01	-5.231619999999999760e-04
6.199999999999999956e-01	-4.159719999999999672e-04
6.400000000000000133e-01	-2.778599999999999993e-04
6.600000000000000311e-01	-7.935700000000000609e-05
6.800000000000000488e-01	2.491359999999999538e-04
6.999999999999999556e-01	5.944439999999999620e-04
7.199999999999999734e-01	9.339300000000000249e-04
7.399999999999999911e-01	1.219547000000000079e-03
7.600000000000000089e-01	1.413146000000000107e-03
7.800000000000000266e-01	1.521227999999999903e-03
8.000000000000000444e-01	1.586474999999999951e-03
8.199999999999999512e-01	1.617851000000000011e-03
8.399999999999999689e-01	1.590617599999999887e-03
8.599999999999999867e-01	1.465081000000000022e-03
8.800000000000000044e-01	1.298087999999999976e-03
9.000000000000000222e-01	1.107551000000000022e-03
9.200000000000000400e-01	9.182020000000000156e-04
9.399999999999999467e-01	7.457000000000000737e-04
9.599999999999999645e-01	4.792449999999998881e-04
9.799999999999999822e-01	2.606699999999999556e-04
1.000000000000000000e+00	7.817000000000001898e-05
1.020000000000000018e+00	-1.502999999999999128e-04
1.040000000000000036e+00	-3.952499999999999850e-04
1.060000000000000053e+00	-5.520400000000001695e-04
1.080000000000000071e+00	-6.884009999999999435e-04
1.100000000000000089e+00	-8.363339999999999923e-04
1.120000000000000107e+00	-8.986880000000001343e-04
1.139999999999999902e+00	-7.326099999999999670e-04
1.159999999999999920e+00	-4.639909999999999694e-04
1.179999999999999938e+00	-2.465230000000000112e-04
1.199999999999999956e+00	7.754400000000002870e-05
1.219999999999999973e+00	5.841880000000000250e-04
1.239999999999999991e+00	1.229583999999999929e-03
1.260000000000000009e+00	1.735116999999999996e-03
1.280000000000000027e+00	2.069854999999999785e-03
1.300000000000000044e+00	2.278740999999999926e-03
1.320000000000000062e+00	2.407852999999999730e-03
1.340000000000000080e+00	2.591366999999999803e-03
1.360000000000000098e+00	2.782231999999999934e-03
1.379999999999999893e+00	2.971200000000000230e-03
1.399999999999999911e+00	3.174650000000000215e-03
1.419999999999999929e+00	3.364470000000000047e-03
1.439999999999999947e+00	3.473610000000000239e-03
1.459999999999999964e+00	3.446110000000000492e-03
1.479999999999999982e+00	3.428300000000000011e-03
1.500000000000000000e+00	3.396290000000000159e-03
1.520000000000000018e+00	3.229790000000000178e-03
1.540000000000000036e+00	2.999749999999999812e-03
1.560000000000000053e+00	2.743329999999999987e-03
1.580000000000000071e+00	2.420819999999999743e-03
1.600000000000000089e+00	2.064939999999999918e-03
1.620000000000000107e+00	1.674563000000000006e-03
1.639999999999999902e+00	1.325184999999999991e-03
1.659999999999999920e+00	1.068507000000000007e-03
1.679999999999999938e+00	8.687719999999998603e-04
1.699999999999999956e+00	7.463699999999999979e-04
1.719999999999999973e+00	5.973429999999999625e-04
1.739999999999999991e+00	3.244319999999999322e-04
1.760000000000000009e+00	-3.369999999999935547e-06
1.780000000000000027e+00	-2.951590000000001331e-04
1.800000000000000044e+00	-4.967839999999998975e-04
1.820000000000000062e+00	-6.127229999999999135e-04
1.840000000000000080e+00	-7.149629999999999918e-04
1.860000000000000098e+00	-7.965059999999999935e-04
1.879999999999999893e+00	-7.776459999999998929e-04
1.899999999999999911e+00	-6.796470000000000202e-04
1.919999999999999929e+00	-6.040779999999999718e-04
1.939999999999999947e+00	-6.353199999999999820e-04
1.959999999999999964e+00	-8.927299999999999992e-04
1.979999999999999982e+00	-1.414183099999999881e-03
2.000000000000000000e+00	-2.124329000000000321e-03
2.020000000000000018e+00	-3.001310000000000089e-03
2.040000000000000036e+00	-3.938739999999999603e-03
2.060000000000000053e+00	-4.801429999999999761e-03
2.080000000000000071e+00	-5.385509999999999603e-03
2.100000000000000089e+00	-5.716790000000000239e-03
2.120000000000000107e+00	-6.068989999999999801e-03
2.140000000000000124e+00	-6.473699999999999767e-03
2.160000000000000142e+00	-6.927019999999999879e-03
2.180000000000000160e+00	-7.357540000000000087e-03
2.200000000000000178e+00	-7.707429999999999490e-03
2.220000000000000195e+00	-8.135089999999999336e-03
2.240000000000000213e+00	-8.736930000000000390e-03
2.259999999999999787e+00	-9.440879999999998717e-03
2.279999999999999805e+00	-1.001532999999999937e-02
2.299999999999999822e+00	-1.046373000000000095e-02
2.319999999999999840e+00	-1.088013999999999995e-02
2.339999999999999858e+00	-1.117920000000000025e-02
2.359999999999999876e+00	-1.133807000000000044e-02
2.379999999999999893e+00	-1.140994999999999857e-02
2.399999999999999911e+00	-1.126987999999999948e-02
2.419999999999999929e+00	-1.071308999999999977e-02
2.439999999999999947e+00	-9.668090000000000711e-03
2.459999999999999964e+00	-8.015859000000000179e-03
2.479999999999999982e+00	-5.943445500000000062e-03
2.500000000000000000e+00	-3.592954000000000200e-03
2.520000000000000018e+00	-1.088209999999999828e-03
2.540000000000000036e+00	1.548584399999999904e-03
2.560000000000000053e+00	4.212370000000000003e-03
2.580000000000000071e+00	6.704619999999999677e-03
2.600000000000000089e+00	9.082790000000000308e-03
2.620000000000000107e+00	1.129666000000000003e-02
2.640000000000000124e+00	1.327758999999999884e-02
2.660000000000000142e+00	1.499696000000000015e-02
2.680000000000000160e+00	1.628889000000000031e-02
2.700000000000000178e+00	1.685241999999999990e-02
2.720000000000000195e+00	1.686785999999999841e-02
2.740000000000000213e+00	1.667877000000000248e-02
2.759999999999999787e+00	1.661002999999999785e-02
2.779999999999999805e+00	1.667031999999999889e-02
2.799999999999999822e+00	1.662664999999999976e-02
2.819999999999999840e+00	1.618947000000000094e-02
2.839999999999999858e+00	1.520622999999999940e-02
2.859999999999999876e+00	1.409654999999999936e-02
2.879999999999999893e+00	1.310557000000000041e-02
2.899999999999999911e+00	1.190740000000000028e-02
2.919999999999999929e+00	1.023801000000000051e-02
2.939999999999999947e+00	8.313219999999999638e-03
2.959999999999999964e+00	6.028549999999999708e-03
2.979999999999999982e+00	3.273288000000000066e-03
3.000000000000000000e+00	1.932100000000000831e-04
3.020000000000000018e+00	-2.996506999999999817e-03
3.040000000000000036e+00	-6.100697999999999885e-03
3.060000000000000053e+00	-9.133709999999999746e-03
3.080000000000000071e+00	-1.185616999999999921e-02
3.100000000000000089e+00	-1.366041999999999951e-02
3.120000000000000107e+00	-1.410089999999999955e-02
3.140000000000000124e+00	-1.313150000000000081e-02
3.160000000000000142e+00	-1.070492999999999965e-02
3.180000000000000160e+00	-6.980619999999999881e-03
3.200000000000000178e+00	-2.975569999999999864e-03
3.220000000000000195e+00	3.394359999999998177e-04
3.240000000000000213e+00	2.846921999999999994e-03
3.259999999999999787e+00	4.326458999999999513e-03
3.279999999999999805e+00	4.881646999999999376e-03
3.299999999999999822e+00	5.097890000000000754e-03
3.319999999999999840e+00	5.499640000000000084e-03
3.339999999999999858e+00	6.520070000000000206e-03
3.359999999999999876e+00	7.645459999999999756e-03
3.379999999999999893e+00	8.158699999999999633e-03
3.399999999999999911e+00	7.706750000000000059e-03
3.419999999999999929e+00	5.968219999999999775e-03
3.439999999999999947e+00	3.128419999999999812e-03
3.459999999999999964e+00	7.051000000000019058e-05
3.479999999999999982e+00	-2.197359999999999765e-03
3.500000000000000000e+00	-3.361159999999999756e-03
3.520000000000000018e+00	-3.704799999999999847e-03
3.540000000000000036e+00	-3.661807000000000430e-03
3.560000000000000053e+00	-3.351156200000000168e-03
3.580000000000000071e+00	-2.887269999999999941e-03
3.600000000000000089e+00	-2.501672099999999958e-03
3.620000000000000107e+00	-2.107780000000000070e-03
3.640000000000000124e+00	-1.864619999999999993e-03
3.660000000000000142e+00	-2.316590000000000316e-03
3.680000000000000160e+00	-3.504449999999999232e-03
3.700000000000000178e+00	-4.955010000000000144e-03
3.720000000000000195e+00	-6.412209999999999785e-03
3.740000000000000213e+00	-7.664830000000000948e-03
3.759999999999999787e+00	-8.599230000000001109e-03
3.779999999999999805e+00	-9.332277899999999807e-03
3.799999999999999822e+00	-9.915949999999999764e-03
3.819999999999999840e+00	-1.010610999999999975e-02
3.839999999999999858e+00	-9.502380000000001242e-03
3.859999999999999876e+00	-8.012419999999999265e-03
3.879999999999999893e+00	-5.643037000000000053e-03
3.899999999999999911e+00	-2.575552000000000050e-03
3.919999999999999929e+00	3.761899999999997711e-04
3.939999999999999947e+00	2.453794000000000027e-03
3.959999999999999964e+00	3.648565999999999789e-03
3.979999999999999982e+00	4.401550000000000601e-03
4.000000000000000000e+00	4.866739999999999608e-03
4.019999999999999574e+00	4.787681000000000228e-03
4.040000000000000036e+00	4.019909999999999803e-03
4.059999999999999609e+00	2.720710000000000316e-03
4.080000000000000071e+00	9.990199999999997693e-04
4.099999999999999645e+00	-1.282750000000000036e-03
4.120000000000000107e+00	-4.065949999999999599e-03
4.139999999999999680e+00	-6.869429999999999287e-03
4.160000000000000142e+00	-9.143209999999998838e-03
4.179999999999999716e+00	-1.064836000000000081e-02
4.200000000000000178e+00	-1.123588000000000017e-02
4.219999999999999751e+00	-1.079174000000000105e-02
4.240000000000000213e+00	-9.407419999999999671e-03
4.259999999999999787e+00	-7.483000000000000068e-03
4.280000000000000249e+00	-5.566460000000000505e-03
4.299999999999999822e+00	-3.903230000000000154e-03
4.320000000000000284e+00	-2.620008999999999966e-03
4.339999999999999858e+00	-1.886422000000000012e-03
4.360000000000000320e+00	-1.668939999999999833e-03
4.379999999999999893e+00	-1.713190000000000069e-03
4.400000000000000355e+00	-1.983734000000000018e-03
4.419999999999999929e+00	-2.725364000000000085e-03
4.440000000000000391e+00	-3.971722999999999920e-03
4.459999999999999964e+00	-5.473242000000000558e-03
4.480000000000000426e+00	-6.655989999999999650e-03
4.500000000000000000e+00	-6.703330000000000399e-03
4.519999999999999574e+00	-5.203410000000000327e-03
4.540000000000000036e+00	-2.317899999999999908e-03
4.559999999999999609e+00	1.576470999999999862e-03
4.580000000000000071e+00	5.995381000000000148e-03
4.599999999999999645e+00	1.037881000000000047e-02
4.620000000000000107e+00	1.396551000000000042e-02
4.639999999999999680e+00	1.606331000000000078e-02
4.660000000000000142e+00	1.657869000000000009e-02
4.679999999999999716e+00	1.601032999999999970e-02
4.700000000000000178e+00	1.513801000000000035e-02
4.719999999999999751e+00	1.453240000000000087e-02
4.740000000000000213e+00	1.420472999999999875e-02
4.759999999999999787e+00	1.394900999999999953e-02
4.780000000000000249e+00	1.368044000000000031e-02
4.799999999999999822e+00	1.322790000000000077e-02
4.820000000000000284e+00	1.235245999999999914e-02
4.839999999999999858e+00	1.090332999999999927e-02
4.860000000000000320e+00	8.950340000000001073e-03
4.879999999999999893e+00	6.751759999999999880e-03
4.900000000000000355e+00	4.697211000000000615e-03
4.919999999999999929e+00	3.030484999999999863e-03
4.940000000000000391e+00	1.602059999999999986e-03
4.959999999999999964e+00	2.104599999999999874e-04
4.980000000000000426e+00	-1.245409999999999963e-03
5.000000000000000000e+00	-2.952986999999999800e-03
5.019999999999999574e+00	-4.983216999999999855e-03
5.040000000000000036e+00	-7.123360000000000455e-03
5.059999999999999609e+00	-9.042269999999999822e-03
5.080000000000000071e+00	-1.049503000000000068e-02
5.099999999999999645e+00	-1.149156999999999956e-02
5.120000000000000107e+00	-1.221133000000000114e-02
5.139999999999999680e+00	-1.265675999999999954e-02
5.160000000000000142e+00	-1.252050999999999858e-02
5.179999999999999716e+00	-1.159446999999999908e-02
5.200000000000000178e+00	-1.001663000000000033e-02
5.219999999999999751e+00	-8.052010000000000070e-03
5.240000000000000213e+00	-5.928819999999999577e-03
5.259999999999999787e+00	-3.871283000000000103e-03
5.280000000000000249e+00	-2.131137999999999869e-03
5.299999999999999822e+00	-9.029899999999999993e-04
5.320000000000000284e+00	-1.652470000000000393e-04
5.339999999999999858e+00	3.619600000000001462e-04
5.360000000000000320e+00	9.086800000000000346e-04
5.379999999999999893e+00	1.465009999999999880e-03
5.400000000000000355e+00	2.022490000000000052e-03
5.419999999999999929e+00	2.696839999999999828e-03
5.440000000000000391e+00	3.452580000000000232e-03
5.459999999999999964e+00	4.011299299999999957e-03
5.480000000000000426e+00	4.078848000000000369e-03
5.500000000000000000e+00	3.465970999999999982e-03
5.519999999999999574e+00	2.183009999999999985e-03
5.540000000000000036e+00	4.592899999999997852e-04
5.559999999999999609e+00	-1.373160000000000006e-03
5.580000000000000071e+00	-3.038648000000000130e-03
5.599999999999999645e+00	-4.348414999999999572e-03
5.620000000000000107e+00	-5.094259999999999761e-03
5.639999999999999680e+00	-5.058260000000000187e-03
5.660000000000000142e+00	-4.211889999999999384e-03
5.679999999999999716e+00	-2.811448999999999719e-03
5.700000000000000178e+00	-1.202759999999999984e-03
5.719999999999999751e+00	3.579400000000001678e-04
5.740000000000000213e+00	1.682900000000000194e-03
5.759999999999999787e+00	2.635489999999999881e-03
5.780000000000000249e+00	3.179592000000000182e-03
5.799999999999999822e+00	3.358403999999999730e-03
5.820000000000000284e+00	3.325379999999999742e-03
5.839999999999999858e+00	3.303649999999999989e-03
5.860000000000000320e+00	3.527189000000000019e-03
5.879999999999999893e+00	4.200566999999999669e-03
5.900000000000000355e+00	5.376426999999999595e-03
5.919999999999999929e+00	6.777250000000000288e-03
5.940000000000000391e+00	7.956959999999999034e-03
5.959999999999999964e+00	8.652480000000000587e-03
5.980000000000000426e+00	8.832579999999999598e-03
6.000000000000000000e+00	8.610879999999999576e-03
6.019999999999999574e+00	7.991180000000000505e-03
6.040000000000000036e+00	6.911699999999999788e-03
6.059999999999999609e+00	5.450469999999999794e-03
6.080000000000000071e+00	3.836009999999999941e-03
6.099999999999999645e+00	2.258664999999999978e-03
6.120000000000000107e+00	7.641370000000000193e-04
6.139999999999999680e+00	-6.866990000000000333e-04
6.160000000000000142e+00	-2.053289800000000082e-03
6.179999999999999716e+00	-3.130843000000000341e-03
6.200000000000000178e+00	-3.753948999999999914e-03
6.219999999999999751e+00	-3.907859999999999980e-03
6.240000000000000213e+00	-3.626338199999999852e-03
6.259999999999999787e+00	-2.961028999999999571e-03
6.280000000000000249e+00	-2.020019999999999975e-03
6.299999999999999822e+00	-9.237400000000001513e-04
6.320000000000000284e+00	1.995399999999997870e-04
6.339999999999999858e+00	1.240290000000000012e-03
6.360000000000000320e+00	2.083839999999999998e-03
6.379999999999999893e+00	2.595188999999999916e-03
6.400000000000000355e+00	2.745150999999999928e-03
6.419999999999999929e+00	2.635420999999999771e-03
6.440000000000000391e+00	2.368939000000000027e-03
6.459999999999999964e+00	1.981763000000000101e-03
6.480000000000000426e+00	1.494516999999999894e-03
6.500000000000000000e+00	9.810113999999998686e-04
6.519999999999999574e+00	4.661630000000000157e-04
6.540000000000000036e+00	-1.693860000000001025e-04
6.559999999999999609e+00	-1.023580000000000063e-03
6.580000000000000071e+00	-2.124243000000000051e-03
6.599999999999999645e+00	-3.449442999999999954e-03
6.620000000000000107e+00	-4.804489999999999802e-03
6.639999999999999680e+00	-6.015930000000000062e-03
6.660000000000000142e+00	-6.962519999999999820e-03
6.679999999999999716e+00	-7.665520000000000320e-03
6.700000000000000178e+00	-8.279959999999999404e-03
6.719999999999999751e+00	-8.826779999999999349e-03
6.740000000000000213e+00	-9.282069999999999904e-03
6.759999999999999787e+00	-9.565300000000000538e-03
6.780000000000000249e+00	-9.631439999999999793e-03
6.799999999999999822e+00	-9.495579999999999993e-03
6.820000000000000284e+00	-9.146220000000000044e-03
6.839999999999999858e+00	-8.596989999999998799e-03
6.860000000000000320e+00	-7.896429999999999422e-03
6.879999999999999893e+00	-7.124480000000000743e-03
6.900000000000000355e+00	-6.353650000000000617e-03
6.919999999999999929e+00	-5.571480000000000182e-03
6.940000000000000391e+00	-4.714949999999999870e-03
6.959999999999999964e+00	-3.690009000000000171e-03
6.980000000000000426e+00	-2.424907000000000017e-03
7.000000000000000000e+00	-9.610399999999998111e-04
7.019999999999999574e+00	5.365199999999997488e-04
7.040000000000000036e+00	1.894246000000000037e-03
7.059999999999999609e+00	3.046870000000000134e-03
7.080000000000000071e+00	3.973166000000000198e-03
7.099999999999999645e+00	4.687409999999999494e-03
7.120000000000000107e+00	5.188049999999999606e-03
7.139999999999999680e+00	5.439420000000000366e-03
7.160000000000000142e+00	5.401989999999999743e-03
7.179999999999999716e+00	5.046924999999999849e-03
7.200000000000000178e+00	4.389783000000000400e-03
7.219999999999999751e+00	3.591847999999999916e-03
7.240000000000000213e+00	2.872846000000000080e-03
7.259999999999999787e+00	2.347499999999999760e-03
7.280000000000000249e+00	2.010025999999999827e-03
7.299999999999999822e+00	1.793699999999999852e-03
7.320000000000000284e+00	1.558553000000000065e-03
7.339999999999999858e+00	1.159489000000000092e-03
7.360000000000000320e+00	5.440689999999999979e-04
7.379999999999999893e+00	-3.101399999999999817e-04
7.400000000000000355e+00	-1.410519999999999743e-03
7.419999999999999929e+00	-2.682589999999999888e-03
7.440000000000000391e+00	-3.835040000000000063e-03
7.459999999999999964e+00	-4.491600000000000106e-03
7.480000000000000426e+00	-4.496429999999999177e-03
7.500000000000000000e+00	-3.919670000000000099e-03
7.519999999999999574e+00	-2.904190000000000504e-03
7.540000000000000036e+00	-1.618360000000000111e-03
7.559999999999999609e+00	-3.078700000000000186e-04
7.580000000000000071e+00	8.035399999999999401e-04
7.599999999999999645e+00	1.632526000000000029e-03
7.620000000000000107e+00	2.228800000000000399e-03
7.639999999999999680e+00	2.766925999999999847e-03
7.660000000000000142e+00	3.419590000000000130e-03
7.679999999999999716e+00	4.251979999999999822e-03
7.700000000000000178e+00	5.262870000000000222e-03
7.719999999999999751e+00	6.367129999999999491e-03
7.740000000000000213e+00	7.533109999999999980e-03
7.759999999999999787e+00	8.827339999999999492e-03
7.780000000000000249e+00	1.025644000000000035e-02
7.799999999999999822e+00	1.184312000000000038e-02
7.820000000000000284e+00	1.345369000000000079e-02
7.839999999999999858e+00	1.483874999999999951e-02
7.860000000000000320e+00	1.573799000000000031e-02
7.879999999999999893e+00	1.587633000000000100e-02
7.900000000000000355e+00	1.518933000000000089e-02
7.919999999999999929e+00	1.374329000000000002e-02
7.940000000000000391e+00	1.167856999999999923e-02
7.959999999999999964e+00	9.221929999999999711e-03
7.980000000000000426e+00	6.581629999999999772e-03
8.000000000000000000e+00	3.967992000000000047e-03
8.019999999999999574e+00	1.448480000000000037e-03
8.039999999999999147e+00	-9.438999999999996872e-04
8.060000000000000497e+00	-3.143469000000000298e-03
8.080000000000000071e+00	-5.188130999999999472e-03
8.099999999999999645e+00	-7.056360000000000236e-03
8.119999999999999218e+00	-8.710719999999999921e-03
8.140000000000000568e+00	-1.011936999999999906e-02
8.160000000000000142e+00	-1.124549999999999855e-02
8.179999999999999716e+00	-1.204633000000000093e-02
8.199999999999999289e+00	-1.241435999999999928e-02
8.220000000000000639e+00	-1.224365999999999996e-02
8.240000000000000213e+00	-1.145583000000000018e-02
8.259999999999999787e+00	-1.017049000000000078e-02
8.279999999999999361e+00	-8.584359999999999213e-03
8.300000000000000711e+00	-6.854239999999999292e-03
8.320000000000000284e+00	-5.192505000000000037e-03
8.339999999999999858e+00	-3.819438000000000086e-03
8.359999999999999432e+00	-2.802307999999999882e-03
8.380000000000000782e+00	-1.985711999999999720e-03
8.400000000000000355e+00	-1.204969999999999869e-03
8.419999999999999929e+00	-3.713969999999999815e-04
8.439999999999999503e+00	5.287439000000000115e-04
8.460000000000000853e+00	1.452587999999999883e-03
8.480000000000000426e+00	2.301707999999999966e-03
8.500000000000000000e+00	2.991386999999999866e-03
8.519999999999999574e+00	3.550974000000000144e-03
8.539999999999999147e+00	4.076540000000000025e-03
8.560000000000000497e+00	4.573569999999999892e-03
8.580000000000000071e+00	4.925010000000000498e-03
8.599999999999999645e+00	4.899409999999999876e-03
8.619999999999999218e+00	4.276308000000000366e-03
8.640000000000000568e+00	2.971662999999999822e-03
8.660000000000000142e+00	1.037429999999999776e-03
8.679999999999999716e+00	-1.273599999999999949e-03
8.699999999999999289e+00	-3.568288000000000189e-03
8.720000000000000639e+00	-5.486882999999999691e-03
8.740000000000000213e+00	-6.989427000000000313e-03
8.759999999999999787e+00	-8.219870000000000648e-03
8.779999999999999361e+00	-9.144670000000000576e-03
8.800000000000000711e+00	-9.593100000000000238e-03
8.820000000000000284e+00	-9.406660000000000715e-03
8.839999999999999858e+00	-8.621860000000000288e-03
8.859999999999999432e+00	-7.560520000000000261e-03
8.880000000000000782e+00	-6.497509999999999744e-03
8.900000000000000355e+00	-5.474780000000000271e-03
8.919999999999999929e+00	-4.411919999999999731e-03
8.939999999999999503e+00	-3.174433999999999850e-03
8.960000000000000853e+00	-1.755851000000000113e-03
8.980000000000000426e+00	-3.065829999999999749e-04
9.000000000000000000e+00	9.355894000000000450e-04
9.019999999999999574e+00	1.805254999999999967e-03
9.039999999999999147e+00	2.365569999999999999e-03
9.060000000000000497e+00	2.589090000000000055e-03
9.080000000000000071e+00	2.478150000000000144e-03
9.099999999999999645e+00	2.359659999999999969e-03
9.119999999999999218e+00	2.387341000000000289e-03
9.140000000000000568e+00	2.439591000000000068e-03
9.160000000000000142e+00	2.372461000000000188e-03
9.179999999999999716e+00	2.262754999999999975e-03
9.199999999999999289e+00	2.353883999999999664e-03
9.220000000000000639e+00	2.603638999999999606e-03
9.240000000000000213e+00	2.801724999999999702e-03
9.259999999999999787e+00	2.966630000000000048e-03
9.279999999999999361e+00	3.253299000000000295e-03
9.300000000000000711e+00	3.579894999999999605e-03
9.320000000000000284e+00	3.581673999999999969e-03
9.339999999999999858e+00	3.070405999999999917e-03
9.359999999999999432e+00	2.218687999999999910e-03
9.380000000000000782e+00	1.193077000000000070e-03
9.400000000000000355e+00	1.170312000000000121e-04
9.419999999999999929e+00	-8.977927000000000346e-04
9.439999999999999503e+00	-1.732858400000000017e-03
9.460000000000000853e+00	-2.223377399999999608e-03
9.480000000000000426e+00	-2.374115999999999900e-03
9.500000000000000000e+00	-2.256133999999999917e-03
9.519999999999999574e+00	-1.937135000000000202e-03
9.539999999999999147e+00	-1.499700000000000078e-03
9.560000000000000497e+00	-8.400499999999999547e-04
9.580000000000000071e+00	1.420300000000000208e-04
9.599999999999999645e+00	1.265725000000000097e-03
9.619999999999999218e+00	2.275133419999999986e-03
9.640000000000000568e+00	3.046221999999999906e-03
9.660000000000000142e+00	3.579429999999999765e-03
9.679999999999999716e+00	3.890610000000000075e-03
9.699999999999999289e+00	4.037950000000000220e-03
9.720000000000000639e+00	4.231150000000000362e-03
9.740000000000000213e+00	4.532130000000000533e-03
9.759999999999999787e+00	4.744629999999999681e-03
9.779999999999999361e+00	4.716531000000000369e-03
9.800000000000000711e+00	4.520315999999999917e-03
9.820000000000000284e+00	4.265104999999999938e-03
9.839999999999999858e+00	3.927299999999999888e-03
9.859999999999999432e+00	3.553660000000000152e-03
9.880000000000000782e+00	3.216839999999999890e-03
9.900000000000000355e+00	2.842969999999999785e-03
9.919999999999999929e+00	2.249366999999999946e-03
9.939999999999999503e+00	1.395953000000000124e-03
9.960000000000000853e+00	4.662100000000001052e-04
9.980000000000000426e+00	-4.532099999999998977e-04
1.000000000000000000e+01	-1.493790000000000048e-03
1.001999999999999957e+01	-2.743539999999999607e-03
1.003999999999999915e+01	-4.052950000000000476e-03
1.006000000000000050e+01	-5.255300000000000075e-03
1.008000000000000007e+01	-6.287357999999999836e-03
1.009999999999999964e+01	-7.111502000000000448e-03
1.011999999999999922e+01	-7.778303000000000300e-03
1.014000000000000057e+01	-8.337850000000000816e-03
1.016000000000000014e+01	-8.728710000000000635e-03
1.017999999999999972e+01	-8.852729999999999627e-03
1.019999999999999929e+01	-8.649739999999999512e-03
1.022000000000000064e+01	-8.194599999999999801e-03
1.024000000000000021e+01	-7.565399999999999903e-03
1.025999999999999979e+01	-6.679309999999999067e-03
1.027999999999999936e+01	-5.499409999999999715e-03
1.030000000000000071e+01	-4.106939999999999896e-03
1.032000000000000028e+01	-2.522520999999999791e-03
1.033999999999999986e+01	-7.595352000000000527e-04
1.035999999999999943e+01	1.091009999999999897e-03
1.038000000000000078e+01	2.913699999999999971e-03
1.040000000000000036e+01	4.612009999999999721e-03
1.041999999999999993e+01	6.141210000000000245e-03
1.043999999999999950e+01	7.524979999999999690e-03
1.046000000000000085e+01	8.784639999999999810e-03
1.048000000000000043e+01	9.846119999999999872e-03
1.050000000000000000e+01	1.068896000000000082e-02
1.051999999999999957e+01	1.131993000000000062e-02
1.053999999999999915e+01	1.168401999999999982e-02
1.056000000000000050e+01	1.178134999999999946e-02
1.058000000000000007e+01	1.163280000000000043e-02
1.059999999999999964e+01	1.128673999999999997e-02
1.061999999999999922e+01	1.083770000000000046e-02
1.064000000000000057e+01	1.031013000000000068e-02
1.066000000000000014e+01	9.619599999999998985e-03
1.067999999999999972e+01	8.653859999999999331e-03
1.069999999999999929e+01	7.377760000000000568e-03
1.072000000000000064e+01	5.886970000000000050e-03
1.074000000000000021e+01	4.355804999999999920e-03
1.075999999999999979e+01	2.871853800000000005e-03
1.077999999999999936e+01	1.364715999999999976e-03
1.080000000000000071e+01	-2.185499999999999726e-04
1.082000000000000028e+01	-1.809000999999999968e-03
1.083999999999999986e+01	-3.265829999999999948e-03
1.085999999999999943e+01	-4.454700000000000673e-03
1.088000000000000078e+01	-5.327450000000000067e-03
1.090000000000000036e+01	-5.909000000000000190e-03
1.091999999999999993e+01	-6.238399999999999848e-03
1.093999999999999950e+01	-6.410250000000000149e-03
1.096000000000000085e+01	-6.548090000000000334e-03
1.098000000000000043e+01	-6.656119999999999745e-03
1.100000000000000000e+01	-6.627059999999999722e-03
1.101999999999999957e+01	-6.403840000000000053e-03
1.103999999999999915e+01	-6.021740000000000252e-03
1.106000000000000050e+01	-5.507810000000000136e-03
1.108000000000000007e+01	-4.868349999999999587e-03
1.109999999999999964e+01	-4.137949000000000141e-03
1.111999999999999922e+01	-3.387739000000000288e-03
1.114000000000000057e+01	-2.678508999999999925e-03
1.116000000000000014e+01	-2.064449999999999792e-03
1.117999999999999972e+01	-1.616810000000000209e-03
1.119999999999999929e+01	-1.362109999999999710e-03
1.122000000000000064e+01	-1.297270000000000107e-03
1.124000000000000021e+01	-1.424179999999999717e-03
1.125999999999999979e+01	-1.750560000000000180e-03
1.127999999999999936e+01	-2.279604000000000179e-03
1.130000000000000071e+01	-2.933986400000000109e-03
1.132000000000000028e+01	-3.570903000000000271e-03
1.133999999999999986e+01	-4.088700000000000667e-03
1.135999999999999943e+01	-4.473620000000000201e-03
1.138000000000000078e+01	-4.742639999999999356e-03
1.140000000000000036e+01	-4.945930000000000291e-03
1.141999999999999993e+01	-5.155800000000000313e-03
1.143999999999999950e+01	-5.382320000000000333e-03
1.146000000000000085e+01	-5.529120000000000215e-03
1.148000000000000043e+01	-5.493549999999999822e-03
1.150000000000000000e+01	-5.274289999999999187e-03
1.151999999999999957e+01	-4.939152999999999946e-03
1.153999999999999915e+01	-4.566448000000000729e-03
1.156000000000000050e+01	-4.195580600000000174e-03
1.158000000000000007e+01	-3.843564999999999742e-03
1.159999999999999964e+01	-3.519164999999999880e-03
1.161999999999999922e+01	-3.209021999999999743e-03
1.164000000000000057e+01	-2.931095999999999788e-03
1.166000000000000014e+01	-2.734602000000000040e-03
1.167999999999999972e+01	-2.665241000000000051e-03
1.169999999999999929e+01	-2.715259999999999722e-03
1.172000000000000064e+01	-2.789040000000000009e-03
1.174000000000000021e+01	-2.744027000000000011e-03
1.175999999999999979e+01	-2.439160000000000113e-03
1.177999999999999936e+01	-1.812239999999999901e-03
1.180000000000000071e+01	-9.368899999999999017e-04
1.182000000000000028e+01	2.633000000000019006e-05
1.183999999999999986e+01	9.139100000000001996e-04
1.185999999999999943e+01	1.621396000000000209e-03
1.188000000000000078e+01	2.136198000000000177e-03
1.190000000000000036e+01	2.562702000000000035e-03
1.191999999999999993e+01	3.057110000000000036e-03
1.193999999999999950e+01	3.691419999999999944e-03
1.196000000000000085e+01	4.357690000000000001e-03
1.198000000000000043e+01	4.852999999999999675e-03
1.200000000000000000e+01	5.108257000000000596e-03
1.201999999999999957e+01	5.222776999999999628e-03
1.203999999999999915e+01	5.372652000000000330e-03
1.206000000000000050e+01	5.663930000000000180e-03
1.208000000000000007e+01	6.072649999999999750e-03
1.209999999999999964e+01	6.470399999999999416e-03
1.211999999999999922e+01	6.668349999999999972e-03
1.214000000000000057e+01	6.556769999999999959e-03
1.216000000000000014e+01	6.147010000000000494e-03
1.217999999999999972e+01	5.514712000000000607e-03
1.219999999999999929e+01	4.802568000000000115e-03
1.222000000000000064e+01	4.202780000000000578e-03
1.224000000000000021e+01	3.854050000000000357e-03
1.225999999999999979e+01	3.745380000000000410e-03
1.227999999999999936e+01	3.733560000000000351e-03
1.230000000000000071e+01	3.707410000000000393e-03
1.232000000000000028e+01	3.655499999999999895e-03
1.233999999999999986e+01	3.609559999999999505e-03
1.235999999999999943e+01	3.601085000000000397e-03
1.238000000000000078e+01	3.637890000000000394e-03
1.240000000000000036e+01	3.694710000000000355e-03
1.241999999999999993e+01	3.711845999999999982e-03
1.243999999999999950e+01	3.660189000000000324e-03
1.246000000000000085e+01	3.564724029999999898e-03
1.248000000000000043e+01	3.468598999999999728e-03
1.250000000000000000e+01	3.419784999999999839e-03
1.251999999999999957e+01	3.490070400000000201e-03
1.253999999999999915e+01	3.744978999999999843e-03
1.256000000000000050e+01	4.172839000000000236e-03
1.258000000000000007e+01	4.661419999999999453e-03
1.259999999999999964e+01	5.066769999999999954e-03
1.261999999999999922e+01	5.277950000000000003e-03
1.264000000000000057e+01	5.222950000000000509e-03
1.266000000000000014e+01	4.879109999999999871e-03
1.267999999999999972e+01	4.272157000000000385e-03
1.269999999999999929e+01	3.432566300000000278e-03
1.272000000000000064e+01	2.379763999999999925e-03
1.274000000000000021e+01	1.144700000000000014e-03
1.275999999999999979e+01	-2.689199999999999664e-04
1.277999999999999936e+01	-1.881018000000000143e-03
1.280000000000000071e+01	-3.681592999999999932e-03
1.282000000000000028e+01	-5.586240000000000129e-03
1.283999999999999986e+01	-7.479910000000000204e-03
1.285999999999999943e+01	-9.284520000000000967e-03
1.288000000000000078e+01	-1.093608999999999901e-02
1.290000000000000036e+01	-1.236808000000000005e-02
1.291999999999999993e+01	-1.349032000000000009e-02
1.293999999999999950e+01	-1.420234999999999900e-02
1.296000000000000085e+01	-1.443634999999999884e-02
1.298000000000000043e+01	-1.420653000000000020e-02
1.300000000000000000e+01	-1.359364999999999879e-02
1.301999999999999957e+01	-1.267956999999999938e-02
1.303999999999999915e+01	-1.151448999999999875e-02
1.306000000000000050e+01	-1.012696000000000082e-02
1.308000000000000007e+01	-8.544010000000001187e-03
1.309999999999999964e+01	-6.793109999999999774e-03
1.311999999999999922e+01	-4.922070000000000611e-03
1.314000000000000057e+01	-2.988119000000000018e-03
1.316000000000000014e+01	-1.023683999999999965e-03
1.317999999999999972e+01	9.503900000000000672e-04
1.319999999999999929e+01	2.857619999999999952e-03
1.322000000000000064e+01	4.574276000000000383e-03
1.324000000000000021e+01	6.044410000000000061e-03
1.325999999999999979e+01	7.337250000000000022e-03
1.327999999999999936e+01	8.528459999999999860e-03
1.330000000000000071e+01	9.600799999999999612e-03
1.332000000000000028e+01	1.049318999999999946e-02
1.333999999999999986e+01	1.114277999999999970e-02
1.335999999999999943e+01	1.145478999999999942e-02
1.338000000000000078e+01	1.135108999999999944e-02
1.340000000000000036e+01	1.084719999999999955e-02
1.341999999999999993e+01	1.004229000000000059e-02
1.343999999999999950e+01	9.055670000000000039e-03
1.346000000000000085e+01	7.968519999999999770e-03
1.348000000000000043e+01	6.799519999999999870e-03
1.350000000000000000e+01	5.495957999999999573e-03
1.351999999999999957e+01	4.000911999999999698e-03
1.353999999999999915e+01	2.326934000000000120e-03
1.356000000000000050e+01	5.696099999999999081e-04
1.358000000000000007e+01	-1.131620000000000065e-03
1.359999999999999964e+01	-2.650034230000000279e-03
1.361999999999999922e+01	-3.914528000000000452e-03
1.364000000000000057e+01	-4.899199999999999389e-03
1.366000000000000014e+01	-5.586869999999999857e-03
1.367999999999999972e+01	-5.981580000000000230e-03
1.369999999999999929e+01	-6.104309999999999944e-03
1.372000000000000064e+01	-5.981720000000000266e-03
1.374000000000000021e+01	-5.645540000000000107e-03
1.375999999999999979e+01	-5.145649999999999877e-03
1.377999999999999936e+01	-4.553399999999999982e-03
1.380000000000000071e+01	-3.922709999999999392e-03
1.382000000000000028e+01	-3.279569999999999881e-03
1.383999999999999986e+01	-2.637459999999999891e-03
1.385999999999999943e+01	-2.018520000000000210e-03
1.388000000000000078e+01	-1.466934999999999940e-03
1.390000000000000036e+01	-1.045720999999999890e-03
1.391999999999999993e+01	-8.218989999999999586e-04
1.393999999999999950e+01	-8.001240000000001476e-04
1.396000000000000085e+01	-9.183850000000000780e-04
1.398000000000000043e+01	-1.121498000000000069e-03
1.400000000000000000e+01	-1.372731600000000069e-03
1.401999999999999957e+01	-1.650856999999999932e-03
1.403999999999999915e+01	-1.946803999999999896e-03
1.406000000000000050e+01	-2.250387999999999868e-03
1.408000000000000007e+01	-2.554410000000000014e-03
1.409999999999999964e+01	-2.846419999999999680e-03
1.411999999999999922e+01	-3.111680000000000348e-03
1.414000000000000057e+01	-3.335969999999999734e-03
1.416000000000000014e+01	-3.495540000000000105e-03
1.417999999999999972e+01	-3.568729999999999992e-03
1.419999999999999929e+01	-3.546829999999999948e-03
1.422000000000000064e+01	-3.434860000000000083e-03
1.424000000000000021e+01	-3.260439999999999866e-03
1.425999999999999979e+01	-3.043279999999999770e-03
1.427999999999999936e+01	-2.791919999999999819e-03
1.430000000000000071e+01	-2.526819999999999934e-03
1.432000000000000028e+01	-2.260592000000000070e-03
1.433999999999999986e+01	-1.987216999999999890e-03
1.435999999999999943e+01	-1.698166000000000085e-03
1.438000000000000078e+01	-1.391663999999999922e-03
1.440000000000000036e+01	-1.053925999999999951e-03
1.441999999999999993e+01	-6.669900000000001175e-04
1.443999999999999950e+01	-2.276750000000000995e-04
1.446000000000000085e+01	2.609599999999999680e-04
1.448000000000000043e+01	7.836999999999998048e-04
1.450000000000000000e+01	1.312419999999999906e-03
1.451999999999999957e+01	1.817709999999999942e-03
1.453999999999999915e+01	2.272849999999999870e-03
1.456000000000000050e+01	2.643040000000000146e-03
1.458000000000000007e+01	2.907043999999999687e-03
1.459999999999999964e+01	3.063367000000000000e-03
1.461999999999999922e+01	3.109925000000000363e-03
1.464000000000000057e+01	3.029564000000000215e-03
1.466000000000000014e+01	2.839571999999999843e-03
1.467999999999999972e+01	2.618565100000000249e-03
1.469999999999999929e+01	2.456625000000000041e-03
1.472000000000000064e+01	2.424836999999999999e-03
1.474000000000000021e+01	2.558804000000000026e-03
1.475999999999999979e+01	2.848579999999999862e-03
1.477999999999999936e+01	3.262660000000000126e-03
1.480000000000000071e+01	3.787260000000000192e-03
1.482000000000000028e+01	4.405950000000000491e-03
1.483999999999999986e+01	5.058319999999999830e-03
1.485999999999999943e+01	5.643739999999999521e-03
1.488000000000000078e+01	6.117710000000000162e-03
1.490000000000000036e+01	6.501440000000000691e-03
1.491999999999999993e+01	6.819490000000000100e-03
1.493999999999999950e+01	7.058290000000000050e-03
1.496000000000000085e+01	7.202850000000000225e-03
1.498000000000000043e+01	7.269079999999999812e-03
1.500000000000000000e+01	7.260229999999999462e-03
1.501999999999999957e+01	7.157540000000000430e-03
1.503999999999999915e+01	6.951080000000000106e-03
1.506000000000000050e+01	6.634280000000000212e-03
1.508000000000000007e+01	6.175260000000000124e-03
1.509999999999999964e+01	5.548829999999999388e-03
1.511999999999999922e+01	4.775960000000000101e-03
1.514000000000000057e+01	3.906579999999999775e-03
1.516000000000000014e+01	2.970140000000000020e-03
1.517999999999999972e+01	1.993246000000000167e-03
1.519999999999999929e+01	1.025766000000000004e-03
1.522000000000000064e+01	1.087556999999999928e-04
1.524000000000000021e+01	-7.448929999999999441e-04
1.525999999999999979e+01	-1.542617000000000033e-03
1.527999999999999936e+01	-2.286840000000000053e-03
1.530000000000000071e+01	-2.979739999999999819e-03
1.532000000000000028e+01	-3.627959999999999952e-03
1.533999999999999986e+01	-4.204620000000000059e-03
1.535999999999999943e+01	-4.666339999999999724e-03
1.538000000000000078e+01	-4.991459999999999647e-03
1.540000000000000036e+01	-5.207369999999999360e-03
1.541999999999999993e+01	-5.371869999999999944e-03
1.543999999999999950e+01	-5.552249999999999894e-03
1.546000000000000085e+01	-5.791690000000000380e-03
1.548000000000000043e+01	-6.086829999999999671e-03
1.550000000000000000e+01	-6.426970000000000599e-03
1.551999999999999957e+01	-6.766589999999999411e-03
1.553999999999999915e+01	-7.017609999999999647e-03
1.556000000000000050e+01	-7.085580000000000177e-03
1.558000000000000007e+01	-6.911550000000000679e-03
1.559999999999999964e+01	-6.493200000000001054e-03
1.561999999999999922e+01	-5.856929999999999775e-03
1.564000000000000057e+01	-5.044879999999999851e-03
1.566000000000000014e+01	-4.124150000000000038e-03
1.567999999999999972e+01	-3.173879000000000110e-03
1.569999999999999929e+01	-2.253301000000000089e-03
1.572000000000000064e+01	-1.403289999999999746e-03
1.574000000000000021e+01	-6.836099999999998601e-04
1.575999999999999979e+01	-1.820500000000000070e-04
1.577999999999999936e+01	7.049999999999981629e-05
1.580000000000000071e+01	1.289799999999998933e-04
1.582000000000000028e+01	6.761000000000006588e-05
1.583999999999999986e+01	-4.680999999999999397e-05
1.585999999999999943e+01	-1.396200000000000219e-04
1.588000000000000078e+01	-1.407599999999999737e-04
1.590000000000000036e+01	-2.925999999999991975e-05
1.591999999999999993e+01	1.795599999999998326e-04
1.593999999999999950e+01	4.534610000000000550e-04
1.596000000000000085e+01	7.292370000000000926e-04
1.598000000000000043e+01	9.529553999999999326e-04
1.600000000000000000e+01	1.103675000000000142e-03
1.601999999999999957e+01	1.156285999999999859e-03
1.603999999999999915e+01	1.076375999999999982e-03
1.605999999999999872e+01	8.488120000000000040e-04
1.607999999999999829e+01	4.902570000000000192e-04
1.610000000000000142e+01	5.784709999999999711e-05
1.612000000000000099e+01	-3.665733000000000229e-04
1.614000000000000057e+01	-7.147672299999999982e-04
1.616000000000000014e+01	-9.435350000000000117e-04
1.617999999999999972e+01	-1.033999999999999980e-03
1.619999999999999929e+01	-9.879879999999999739e-04
1.621999999999999886e+01	-8.196129999999999605e-04
1.623999999999999844e+01	-5.315300000000001100e-04
1.626000000000000156e+01	-1.216100000000000774e-04
1.628000000000000114e+01	3.965099999999998747e-04
1.630000000000000071e+01	9.789900000000001119e-04
1.632000000000000028e+01	1.578782999999999836e-03
1.633999999999999986e+01	2.162686000000000035e-03
1.635999999999999943e+01	2.677398099999999705e-03
1.637999999999999901e+01	3.068055000000000088e-03
1.639999999999999858e+01	3.319891000000000161e-03
1.642000000000000171e+01	3.434099999999999826e-03
1.644000000000000128e+01	3.373740000000000072e-03
1.646000000000000085e+01	3.101050000000000161e-03
1.648000000000000043e+01	2.624089999999999930e-03
1.650000000000000000e+01	1.990000999999999923e-03
1.651999999999999957e+01	1.270131999999999988e-03
1.653999999999999915e+01	5.238280000000000540e-04
1.655999999999999872e+01	-2.121600000000000829e-04
1.657999999999999829e+01	-9.026950000000000165e-04
1.660000000000000142e+01	-1.525017999999999947e-03
1.662000000000000099e+01	-2.063561000000000215e-03
1.664000000000000057e+01	-2.523149000000000138e-03
1.666000000000000014e+01	-2.945194999999999844e-03
1.667999999999999972e+01	-3.365847000000000370e-03
1.669999999999999929e+01	-3.775800000000000163e-03
1.671999999999999886e+01	-4.117889999999999918e-03
1.673999999999999844e+01	-4.336120000000000599e-03
1.676000000000000156e+01	-4.410240000000000167e-03
1.678000000000000114e+01	-4.345339999999999619e-03
1.680000000000000071e+01	-4.155310000000000600e-03
1.682000000000000028e+01	-3.850290000000000136e-03
1.683999999999999986e+01	-3.416449999999999695e-03
1.685999999999999943e+01	-2.847324000000000035e-03
1.687999999999999901e+01	-2.161999999999999859e-03
1.689999999999999858e+01	-1.409595999999999939e-03
1.692000000000000171e+01	-6.470579999999999431e-04
1.694000000000000128e+01	9.448000000000008475e-05
1.696000000000000085e+01	7.894420000000000083e-04
1.698000000000000043e+01	1.411541000000000098e-03
1.700000000000000000e+01	1.937083999999999941e-03
1.701999999999999957e+01	2.355691000000000035e-03
1.703999999999999915e+01	2.679139999999999994e-03
1.705999999999999872e+01	2.929059999999999823e-03
1.707999999999999829e+01	3.130925000000000114e-03
1.710000000000000142e+01	3.306954999999999877e-03
1.712000000000000099e+01	3.469031900000000331e-03
1.714000000000000057e+01	3.627994000000000271e-03
1.716000000000000014e+01	3.774821999999999726e-03
1.717999999999999972e+01	3.871699999999999621e-03
1.719999999999999929e+01	3.891719999999999988e-03
1.721999999999999886e+01	3.811880000000000129e-03
1.723999999999999844e+01	3.609440000000000218e-03
1.726000000000000156e+01	3.286449999999999788e-03
1.728000000000000114e+01	2.868900000000000183e-03
1.730000000000000071e+01	2.396989999999999885e-03
1.732000000000000028e+01	1.912762000000000143e-03
1.733999999999999986e+01	1.459225000000000192e-03
1.735999999999999943e+01	1.084356000000000078e-03
1.737999999999999901e+01	8.350930000000000766e-04
1.739999999999999858e+01	7.347580000000000690e-04
1.742000000000000171e+01	7.614499999999998874e-04
1.744000000000000128e+01	8.792799999999998620e-04
1.746000000000000085e+01	1.062470000000000038e-03
1.748000000000000043e+01	1.286919999999999991e-03
1.750000000000000000e+01	1.532470000000000186e-03
1.751999999999999957e+01	1.782881000000000049e-03
1.753999999999999915e+01	2.019476000000000084e-03
1.755999999999999872e+01	2.224195999999999899e-03
1.757999999999999829e+01	2.401743999999999928e-03
1.760000000000000142e+01	2.557910000000000045e-03
1.762000000000000099e+01	2.695350000000000003e-03
1.764000000000000057e+01	2.823120000000000143e-03
1.766000000000000014e+01	2.932919999999999885e-03
1.767999999999999972e+01	2.994801999999999968e-03
1.769999999999999929e+01	2.966611000000000074e-03
1.771999999999999886e+01	2.825807999999999966e-03
1.773999999999999844e+01	2.595778999999999882e-03
1.776000000000000156e+01	2.327979999999999893e-03
1.778000000000000114e+01	2.059208600000000076e-03
1.780000000000000071e+01	1.806213000000000089e-03
1.782000000000000028e+01	1.575949000000000100e-03
1.783999999999999986e+01	1.363103000000000058e-03
1.785999999999999943e+01	1.141548000000000042e-03
1.787999999999999901e+01	8.877289999999999704e-04
1.789999999999999858e+01	5.953879999999999719e-04
1.792000000000000171e+01	2.553208000000000170e-04
1.794000000000000128e+01	-1.548587000000000086e-04
1.796000000000000085e+01	-6.533450000000000542e-04
1.798000000000000043e+01	-1.234489999999999980e-03
1.800000000000000000e+01	-1.863967999999999918e-03
1.801999999999999957e+01	-2.478487000000000138e-03
1.803999999999999915e+01	-3.027409999999999910e-03
1.805999999999999872e+01	-3.482359999999999883e-03
1.807999999999999829e+01	-3.807930000000000169e-03
1.810000000000000142e+01	-3.971922000000000126e-03
1.812000000000000099e+01	-3.986670999999999791e-03
1.814000000000000057e+01	-3.897864000000000016e-03
1.816000000000000014e+01	-3.742662999999999806e-03
1.817999999999999972e+01	-3.537333699999999949e-03
1.819999999999999929e+01	-3.294291000000000406e-03
1.821999999999999886e+01	-3.041204999999999950e-03
1.823999999999999844e+01	-2.821347999999999998e-03
1.826000000000000156e+01	-2.666701000000000054e-03
1.828000000000000114e+01	-2.585997999999999943e-03
1.830000000000000071e+01	-2.567325000000000076e-03
1.832000000000000028e+01	-2.588567999999999859e-03
1.833999999999999986e+01	-2.622241900000000289e-03
1.835999999999999943e+01	-2.643380000000000295e-03
1.837999999999999901e+01	-2.645905000000000045e-03
1.839999999999999858e+01	-2.636017999999999955e-03
1.842000000000000171e+01	-2.633766000000000058e-03
1.844000000000000128e+01	-2.664198000000000000e-03
1.846000000000000085e+01	-2.719136000000000036e-03
1.848000000000000043e+01	-2.766064000000000370e-03
1.850000000000000000e+01	-2.777536000000000154e-03
1.851999999999999957e+01	-2.739871999999999967e-03
1.853999999999999915e+01	-2.654388599999999918e-03
1.855999999999999872e+01	-2.538350999999999889e-03
1.857999999999999829e+01	-2.423396999999999878e-03
1.860000000000000142e+01	-2.337603000000000163e-03
1.862000000000000099e+01	-2.300706000000000018e-03
1.864000000000000057e+01	-2.319249000000000224e-03
1.866000000000000014e+01	-2.385783000000000261e-03
1.867999999999999972e+01	-2.473271999999999884e-03
1.869999999999999929e+01	-2.553132950000000165e-03
1.871999999999999886e+01	-2.612110999999999860e-03
1.873999999999999844e+01	-2.632235999999999604e-03
1.876000000000000156e+01	-2.591425999999999973e-03
1.878000000000000114e+01	-2.471524000000000117e-03
1.880000000000000071e+01	-2.273199999999999960e-03
1.882000000000000028e+01	-2.015182999999999818e-03
1.883999999999999986e+01	-1.730350999999999981e-03
1.885999999999999943e+01	-1.451195999999999866e-03
1.887999999999999901e+01	-1.190099000000000018e-03
1.889999999999999858e+01	-9.480550000000000565e-04
1.892000000000000171e+01	-7.299739999999998790e-04
1.894000000000000128e+01	-5.343519999999999824e-04
1.896000000000000085e+01	-3.498130000000000336e-04
1.898000000000000043e+01	-1.673379999999999486e-04
1.900000000000000000e+01	2.238999999999995334e-05
1.901999999999999957e+01	2.311410000000000287e-04
1.903999999999999915e+01	4.718730000000000407e-04
1.905999999999999872e+01	7.548809999999999982e-04
1.907999999999999829e+01	1.081769999999999910e-03
1.910000000000000142e+01	1.445945000000000129e-03
1.912000000000000099e+01	1.839097999999999948e-03
1.914000000000000057e+01	2.248993999999999820e-03
1.916000000000000014e+01	2.660479999999999789e-03
1.917999999999999972e+01	3.059120000000000242e-03
1.919999999999999929e+01	3.434969999999999864e-03
1.921999999999999886e+01	3.781910000000000306e-03
1.923999999999999844e+01	4.093639999999999952e-03
1.926000000000000156e+01	4.366550000000000292e-03
1.928000000000000114e+01	4.601199999999999735e-03
1.930000000000000071e+01	4.796240000000000225e-03
1.932000000000000028e+01	4.945080000000000135e-03
1.933999999999999986e+01	5.039810000000000470e-03
1.935999999999999943e+01	5.071289999999999999e-03
1.937999999999999901e+01	5.031419999999999990e-03
1.939999999999999858e+01	4.917685999999999238e-03
1.942000000000000171e+01	4.735598000000000585e-03
1.944000000000000128e+01	4.495594999999999800e-03
1.946000000000000085e+01	4.212430999999999988e-03
1.948000000000000043e+01	3.902048999999999882e-03
1.950000000000000000e+01	3.578500999999999991e-03
1.951999999999999957e+01	3.254493000000000229e-03
1.953999999999999915e+01	2.941130000000000133e-03
1.955999999999999872e+01	2.647068900000000124e-03
1.957999999999999829e+01	2.377862399999999821e-03
1.960000000000000142e+01	2.137266599999999850e-03
1.962000000000000099e+01	1.927545100000000160e-03
1.964000000000000057e+01	1.748881099999999907e-03
1.966000000000000014e+01	1.601518000000000125e-03
1.967999999999999972e+01	1.485609999999999839e-03
1.969999999999999929e+01	1.399180999999999992e-03
1.971999999999999886e+01	1.338063000000000013e-03
1.973999999999999844e+01	1.296473999999999934e-03
1.976000000000000156e+01	1.268270800000000000e-03
1.978000000000000114e+01	1.247252400000000046e-03
1.980000000000000071e+01	1.227142200000000145e-03
1.982000000000000028e+01	1.201731599999999924e-03
1.983999999999999986e+01	1.165534900000000061e-03
1.985999999999999943e+01	1.113677819999999959e-03
1.987999999999999901e+01	1.041983129999999929e-03
1.989999999999999858e+01	9.471526999999999551e-04
1.992000000000000171e+01	8.270595999999999851e-04
1.994000000000000128e+01	6.807093000000000388e-04
1.996000000000000085e+01	5.081307999999999225e-04
1.998000000000000043e+01	3.103808000000000218e-04
2.000000000000000000e+01	8.981350000000001008e-05
